# Time-averaged data for fix msd_out
# TimeStep c_msd[4]
0 0
100 0.188975
200 0.288871
300 0.335523
400 0.369156
500 0.396272
600 0.4674
700 0.488496
800 0.568861
900 0.603623
1000 0.658288
1100 0.72957
1200 0.805083
1300 0.862046
1400 0.920592
1500 0.927755
1600 0.964861
1700 0.928882
1800 0.946627
1900 0.980675
2000 1.02421
2100 1.12616
2200 1.26056
2300 1.41477
2400 1.59305
2500 1.79024
2600 2.08282
2700 2.36683
2800 2.76177
2900 3.19572
3000 3.59604
3100 4.04525
3200 4.5803
3300 5.16061
3400 5.79618
3500 6.44864
3600 7.24646
3700 8.1957
3800 9.05727
3900 10.0352
4000 11.0204
4100 12.1269
4200 13.2798
4300 14.3066
4400 15.4398
4500 16.6961
4600 18.1479
4700 19.6891
4800 21.1824
4900 22.6264
5000 24.2569
5100 26.1278
5200 28.0046
5300 29.7321
5400 31.5167
5500 33.4659
5600 35.4369
5700 37.3467
5800 39.3393
5900 41.3609
6000 43.647
6100 46.1482
6200 48.5511
6300 50.7785
6400 52.8051
6500 54.9664
6600 57.2313
6700 59.3704
6800 61.5555
6900 63.518
7000 65.3415
7100 67.2609
7200 69.7121
7300 72.1783
7400 74.2656
7500 76.6949
7600 79.469
7700 82.4295
7800 85.0615
7900 87.4609
8000 89.539
8100 91.3169
8200 93.4661
8300 95.8902
8400 98.2252
8500 100.457
8600 103.05
8700 105.582
8800 108.654
8900 111.381
9000 114.129
9100 117.286
9200 120.322
9300 122.933
9400 125.162
9500 127.627
9600 130.565
9700 133.47
9800 135.847
9900 137.981
10000 139.956
10100 141.418
10200 143.762
10300 145.83
10400 148.369
10500 150.506
10600 152.174
10700 153.606
10800 155.161
10900 156.772
11000 157.454
11100 158.772
11200 159.024
11300 158.984
11400 159.217
11500 159.706
11600 160.167
11700 160.327
11800 159.526
11900 159.171
12000 159.544
12100 159.566
12200 159.335
12300 159.283
12400 159.9
12500 159.345
12600 159.311
12700 159.855
12800 160.081
12900 159.746
13000 158.807
13100 158.892
13200 159.816
13300 160.037
13400 159.833
13500 159.498
13600 159.087
13700 159.938
13800 160.772
13900 160.651
14000 160.434
14100 160.285
14200 160.004
14300 159.68
14400 160.004
14500 160.518
14600 160.096
14700 159.6
14800 158.925
14900 159.021
15000 159.161
15100 159.163
15200 159.252
15300 159.543
15400 160.007
15500 159.697
15600 160.19
15700 160.92
15800 161.671
15900 162.009
16000 161.817
16100 162.119
16200 162.823
16300 163.699
16400 163.22
16500 163.212
16600 163.384
16700 164.216
16800 165.295
16900 165.799
17000 167.462
17100 167.689
17200 167.24
17300 166.952
17400 167.193
17500 167.987
17600 167.796
17700 167.988
17800 168.552
17900 170.177
18000 172.616
18100 173.119
18200 173.119
18300 174.408
18400 176.801
18500 178.235
18600 178.552
18700 179.406
18800 180.739
18900 181.162
19000 181.413
19100 181.257
19200 181.823
19300 183.198
19400 183.493
19500 183.259
19600 181.977
19700 181.996
19800 181.539
19900 182.169
20000 182.586
20100 183.703
20200 183.588
20300 183.459
20400 183.819
20500 183.556
20600 182.709
20700 182.405
20800 182.659
20900 182.938
21000 183.152
21100 183.108
21200 183.72
21300 184.089
21400 184.362
21500 183.844
21600 183.857
21700 183.48
21800 182.626
21900 182.837
22000 183.434
22100 183.903
22200 184.133
22300 183.687
22400 184.823
22500 185.096
22600 185.594
22700 185.362
22800 184.822
22900 184.002
23000 183.489
23100 183.976
23200 184.605
23300 184.053
23400 184.036
23500 184.897
23600 185.687
23700 185.313
23800 185.366
23900 185.356
24000 184.906
24100 184.87
24200 184.972
24300 184.819
24400 184.635
24500 184.838
24600 185.095
24700 185.56
24800 186.37
24900 186.185
25000 185.819
25100 185.551
25200 185.72
25300 185.488
25400 185.232
25500 185.146
25600 185.041
25700 184.963
25800 185.238
25900 185.337
26000 185.36
26100 185.582
26200 185.111
26300 185.042
26400 185.117
26500 185.246
26600 185.656
26700 185.641
26800 185.1
26900 184.736
27000 184.839
27100 185.063
27200 185.919
27300 185.821
27400 185.833
27500 185.464
27600 185.712
27700 186.038
27800 186.092
27900 185.912
28000 186.275
28100 187.017
28200 187.43
28300 186.61
28400 186.712
28500 186.208
28600 185.939
28700 185.434
28800 185.913
28900 185.905
29000 186.158
29100 186.38
29200 186.749
29300 186.016
29400 186.238
29500 186.58
29600 187.041
29700 187.778
29800 187.856
29900 187.695
30000 187.743
30100 187.055
30200 186.647
30300 186.015
30400 186.677
30500 186.408
30600 186.429
30700 187.021
30800 187.155
30900 186.467
31000 186.453
31100 186.747
31200 186.343
31300 185.858
31400 186.602
31500 188.316
31600 189.865
31700 189.837
31800 189.557
31900 189.257
32000 188.642
32100 188.423
32200 189.141
32300 188.848
32400 188.461
32500 188.779
32600 189.644
32700 189.86
32800 190.111
32900 189.482
33000 189.813
33100 189.659
33200 189.311
33300 189.418
33400 188.804
33500 188.823
33600 189.256
33700 189.326
33800 188.749
33900 187.881
34000 188.527
34100 188.392
34200 188.551
34300 189.087
34400 188.506
34500 189.04
34600 190.056
34700 191.077
34800 190.877
34900 191.22
35000 191.037
35100 192.019
35200 192.113
35300 191.607
35400 191.668
35500 191.703
35600 191.552
35700 192.514
35800 193.369
35900 193.521
36000 192.396
36100 192.215
36200 192.87
36300 192.883
36400 193.032
36500 192.863
36600 193.358
36700 194.407
36800 194.465
36900 194.184
37000 194.075
37100 193.821
37200 194.207
37300 193.775
37400 194.244
37500 193.963
37600 193.909
37700 193.51
37800 193.837
37900 194.398
38000 194.102
38100 193.987
38200 194.555
38300 195.223
38400 195.675
38500 195.239
38600 194.525
38700 194.566
38800 195.125
38900 196.016
39000 196.471
39100 196.463
39200 197.081
39300 196.89
39400 196.963
39500 196.651
39600 196.428
39700 197.068
39800 197.172
39900 197.84
40000 198.266
40100 198.324
40200 198.185
40300 197.757
40400 198.31
40500 199.246
40600 199.562
40700 199.544
40800 199.182
40900 199.04
41000 199.538
41100 199.684
41200 200.455
41300 200.415
41400 200.758
41500 200.642
41600 199.804
41700 199.071
41800 198.745
41900 200.009
42000 201.229
42100 201.298
42200 201.603
42300 201.628
42400 200.938
42500 200.561
42600 201.856
42700 202.74
42800 203.101
42900 203.092
43000 202.881
43100 201.86
43200 201.513
43300 201.693
43400 202.652
43500 203.078
43600 203.635
43700 204.733
43800 204.863
43900 204.611
44000 204.263
44100 203.955
44200 203.352
44300 203.6
44400 203.579
44500 203.458
44600 203.349
44700 204.181
44800 204.535
44900 204.245
45000 204.252
45100 205.324
45200 206.241
45300 206.444
45400 207.165
45500 207.295
45600 207.002
45700 206.028
45800 205.241
45900 205.127
46000 205.693
46100 206.43
46200 206.303
46300 206.57
46400 206.147
46500 207.032
46600 207.269
46700 207.575
46800 208.348
46900 208.116
47000 207.478
47100 207.443
47200 207.98
47300 207.452
47400 206.705
47500 207.824
47600 208.229
47700 208.704
47800 208.953
47900 208.566
48000 208.094
48100 208.549
48200 209.042
48300 209.317
48400 209.486
48500 209.578
48600 209.254
48700 209.052
48800 209.566
48900 210.467
49000 211.394
49100 211.298
49200 210.753
49300 210.215
49400 209.037
49500 209.78
49600 211.046
49700 213.218
49800 213.016
49900 211.88
50000 210.399
50100 208.652
50200 208.501
50300 209.223
50400 209.173
50500 209.993
50600 210.404
50700 209.822
50800 208.768
50900 209.082
51000 210.247
51100 210.459
51200 209.984
51300 209.937
51400 209.437
51500 209.484
51600 209.877
51700 210.403
51800 210.035
51900 209.6
52000 209.584
52100 209.913
52200 209.917
52300 211.188
52400 211.559
52500 211.831
52600 212.187
52700 211.89
52800 210.929
52900 211.326
53000 211.418
53100 211.296
53200 211.313
53300 212.264
53400 211.577
53500 211.145
53600 211.016
53700 211.544
53800 211.505
53900 211.438
54000 212.064
54100 212.6
54200 212.645
54300 212.029
54400 212.56
54500 212.551
54600 211.849
54700 211.784
54800 211.369
54900 211.209
55000 211.618
55100 212.308
55200 212.274
55300 212.286
55400 212.389
55500 212.195
55600 212.307
55700 211.492
55800 210.959
55900 211.407
56000 210.987
56100 210.863
56200 211.049
56300 211.052
56400 211.228
56500 210.089
56600 209.533
56700 209.928
56800 210.414
56900 209.541
57000 209.127
57100 208.426
57200 209.568
57300 210.481
57400 211.256
57500 210.595
57600 209.68
57700 210.409
57800 210.522
57900 210.413
58000 210.919
58100 210.472
58200 210.762
58300 211.536
58400 211.764
58500 212.15
58600 212.181
58700 211.94
58800 211.297
58900 211.311
59000 210.931
59100 211.65
59200 212.358
59300 211.729
59400 209.85
59500 210.5
59600 212.19
59700 213.213
59800 212.681
59900 212.881
60000 213.389
60100 213.804
60200 213.301
60300 212.359
60400 212.051
60500 211.735
60600 211.484
60700 211.257
60800 211.565
60900 212.299
61000 212.384
61100 210.72
61200 210.772
61300 211.323
61400 211.849
61500 211.525
61600 212.146
61700 212.21
61800 212.527
61900 212.225
62000 212.399
62100 212.665
62200 212.731
62300 211.611
62400 212.12
62500 212.157
62600 212.615
62700 212.571
62800 212.768
62900 212.061
63000 211.882
63100 212.496
63200 212.3
63300 211.367
63400 211.394
63500 211.664
63600 211.574
63700 210.929
63800 210.48
63900 210.944
64000 211.026
64100 211.245
64200 211.954
64300 212.331
64400 211.946
64500 211.338
64600 209.428
64700 208.27
64800 209.158
64900 209.886
65000 210.18
65100 210.753
65200 210.461
65300 209.886
65400 209.394
65500 209.753
65600 209.627
65700 209.22
65800 209.293
65900 209.867
66000 210.293
66100 209.871
66200 209.748
66300 209.465
66400 209.787
66500 209.352
66600 208.731
66700 208.821
66800 209.725
66900 209.783
67000 209.413
67100 209.527
67200 209.734
67300 209.577
67400 209.02
67500 208.373
67600 208.155
67700 207.802
67800 207.858
67900 207.807
68000 208.385
68100 209.212
68200 209.21
68300 209.138
68400 209.275
68500 209.273
68600 207.939
68700 206.946
68800 206.938
68900 206.851
69000 207.245
69100 208.398
69200 208.548
69300 208.617
69400 208.704
69500 207.331
69600 207.273
69700 207.479
69800 207.197
69900 206.76
70000 206.063
70100 205.548
70200 205.716
70300 206.545
70400 206.675
70500 206.434
70600 206.318
70700 206.716
70800 206.157
70900 205.796
71000 204.786
71100 205.014
71200 205.076
71300 204.864
71400 204.947
71500 205.081
71600 204.694
71700 203.526
71800 203.715
71900 204.441
72000 204.533
72100 204.194
72200 204.033
72300 204.263
72400 203.991
72500 203.517
72600 203.255
72700 202.696
72800 202.549
72900 202.292
73000 202.416
73100 202.186
73200 202.098
73300 201.334
73400 201.489
73500 201.445
73600 201.608
73700 201.613
73800 201.031
73900 200.933
74000 201.19
74100 201.34
74200 201.803
74300 201.412
74400 200.967
74500 199.484
74600 199.076
74700 198.204
74800 198.018
74900 198.738
75000 198.918
75100 198.798
75200 198.818
75300 198.883
75400 198.828
75500 198.431
75600 198.363
75700 198.218
75800 197.962
75900 197.726
76000 198.224
76100 198.102
76200 197.979
76300 197.876
76400 197.457
76500 197.042
76600 195.895
76700 195.851
76800 196.347
76900 195.755
77000 196.621
77100 196.92
77200 197.659
77300 197.061
77400 196.956
77500 195.318
77600 194.398
77700 194.837
77800 194.971
77900 194.491
78000 193.957
78100 194.322
78200 194.806
78300 194.084
78400 193.264
78500 193.141
78600 192.424
78700 191.143
78800 191.659
78900 192.501
79000 191.857
79100 192.319
79200 192.869
79300 192.485
79400 192.149
79500 190.59
79600 190.358
79700 190.256
79800 190.708
79900 191.676
80000 190.955
80100 191.264
80200 191.407
80300 191.942
80400 191.924
80500 191.755
80600 190.899
80700 191.307
80800 190.965
80900 189.689
81000 189.065
81100 189.512
81200 187.794
81300 187.718
81400 187.992
81500 188.944
81600 189.112
81700 189.254
81800 189.913
81900 190.429
82000 190.182
82100 189.598
82200 189.053
82300 189.422
82400 189.018
82500 188.968
82600 188.63
82700 188.297
82800 188.021
82900 188.142
83000 187.991
83100 187.756
83200 187.827
83300 188.248
83400 188.667
83500 188.977
83600 189.054
83700 188.926
83800 188.408
83900 188.214
84000 188.087
84100 188.135
84200 187.903
84300 188.032
84400 188.193
84500 188.6
84600 187.863
84700 187.17
84800 187.383
84900 187.36
85000 187.928
85100 188.695
85200 188.354
85300 188.006
85400 188.101
85500 187.992
85600 187.81
85700 187.164
85800 186.462
85900 186.441
86000 187.42
86100 188.05
86200 187.919
86300 187.203
86400 186.142
86500 185.748
86600 186.813
86700 186.777
86800 186.84
86900 186.265
87000 185.992
87100 186.225
87200 186.215
87300 185.388
87400 185.561
87500 185.919
87600 185.934
87700 185.589
87800 186.254
87900 186.858
88000 186.934
88100 186.131
88200 185.498
88300 185.841
88400 185.11
88500 185.843
88600 186.175
88700 186.885
88800 186.017
88900 186.234
89000 186.186
89100 186.361
89200 186.392
89300 185.693
89400 184.754
89500 184.733
89600 185.926
89700 186.789
89800 186.972
89900 186.529
90000 185.236
90100 185.539
90200 185.691
90300 186.664
90400 186.36
90500 186.513
90600 186.179
90700 186.764
90800 186.153
90900 185.757
91000 185.532
91100 186.813
91200 187.407
91300 186.604
91400 185.31
91500 185.331
91600 185.572
91700 186.083
91800 185.621
91900 185.257
92000 184.824
92100 185.602
92200 185.994
92300 186.291
92400 186.126
92500 185.264
92600 185.185
92700 185.442
92800 185.415
92900 185.67
93000 186.169
93100 186.218
93200 185.574
93300 185.729
93400 186.191
93500 186.651
93600 186.604
93700 186.501
93800 185.562
93900 185.042
94000 184.697
94100 185.189
94200 185.617
94300 186.038
94400 185.444
94500 185.635
94600 185.985
94700 186.553
94800 186.394
94900 186.353
95000 185.688
95100 185.439
95200 186.464
95300 187.304
95400 186.924
95500 186.133
95600 184.673
95700 184.218
95800 185.558
95900 186.655
96000 187.132
96100 186.589
96200 185.342
96300 184.919
96400 184.989
96500 186.091
96600 186.04
96700 186.112
96800 186.396
96900 186.224
97000 186.021
97100 186.576
97200 187.363
97300 187.829
97400 188.033
97500 187.369
97600 186.653
97700 186.063
97800 185.939
97900 185.792
98000 186.219
98100 186.942
98200 187.108
98300 186.306
98400 186.318
98500 186.266
98600 186.989
98700 187.661
98800 187.792
98900 187.442
99000 185.575
99100 185.453
99200 185.927
99300 187.577
99400 188.16
99500 188.567
99600 187.998
99700 187.656
99800 188.281
99900 188.351
100000 188.352
