# Time-averaged data for fix msd_out
# TimeStep c_msd[4]
0 0
100 0.364331
200 0.417412
300 0.70073
400 0.76383
500 0.942746
600 1.04021
700 1.20415
800 1.33838
900 1.4694
1000 1.57601
1100 1.72447
1200 1.88942
1300 2.08767
1400 2.24037
1500 2.44128
1600 2.63624
1700 2.86231
1800 3.11697
1900 3.36806
2000 3.67033
2100 3.97044
2200 4.31026
2300 4.69674
2400 5.09744
2500 5.53839
2600 5.97539
2700 6.51637
2800 7.1592
2900 7.83535
3000 8.5611
3100 9.28399
3200 10.0504
3300 10.8744
3400 11.7486
3500 12.5924
3600 13.5688
3700 14.6373
3800 15.7778
3900 17.0131
4000 18.3534
4100 19.7481
4200 21.0935
4300 22.4748
4400 24.0036
4500 25.599
4600 27.1135
4700 28.6679
4800 30.1759
4900 31.7598
5000 33.5358
5100 35.4957
5200 37.5783
5300 39.7934
5400 42.1681
5500 44.8283
5600 47.5023
5700 50.1927
5800 52.9544
5900 55.7396
6000 58.7679
6100 62.1071
6200 65.47
6300 68.6303
6400 71.9222
6500 75.4459
6600 79.2375
6700 83.1073
6800 86.9109
6900 91.0212
7000 95.357
7100 99.7956
7200 104.435
7300 109.217
7400 114.328
7500 119.576
7600 124.807
7700 130.067
7800 135.632
7900 141.222
8000 146.41
8100 151.621
8200 157.074
8300 162.788
8400 168.976
8500 175.482
8600 181.756
8700 188.297
8800 195.371
8900 203.031
9000 210.606
9100 218.194
9200 225.71
9300 233.05
9400 240.893
9500 249.147
9600 257.225
9700 265.342
9800 273.721
9900 282.318
10000 291.672
10100 301.329
10200 311.033
10300 320.586
10400 330.289
10500 340.471
10600 351.34
10700 361.897
10800 372.34
10900 382.665
11000 393.632
11100 405.235
11200 416.543
11300 427.785
11400 439.724
11500 452.124
11600 464.203
11700 475.986
11800 488.654
11900 501.885
12000 514.783
12100 527.391
12200 540.272
12300 554.176
12400 568.247
12500 581.702
12600 595.217
12700 609.365
12800 623.862
12900 638.311
13000 652.869
13100 667.837
13200 683.285
13300 699.558
13400 715.282
13500 730.215
13600 745.666
13700 760.92
13800 775.585
13900 790.228
14000 806.473
14100 822.126
14200 837.77
14300 853.426
14400 869.414
14500 885.113
14600 900.959
14700 918.009
14800 935.079
14900 951.325
15000 967.446
15100 983.4
15200 1000.81
15300 1019.35
15400 1037.33
15500 1054.27
15600 1071.17
15700 1087.71
15800 1103.83
15900 1120.45
16000 1138.83
16100 1157.62
16200 1175.13
16300 1192.98
16400 1211.28
16500 1229.73
16600 1247.49
16700 1264.56
16800 1281
16900 1298.59
17000 1317.36
17100 1336.29
17200 1354.22
17300 1373.26
17400 1391.26
17500 1409.61
17600 1428.42
17700 1446.29
17800 1464.31
17900 1483.73
18000 1504.08
18100 1525.35
18200 1546
18300 1565.48
18400 1584.29
18500 1602.64
18600 1621.12
18700 1639.58
18800 1658.11
18900 1674.81
19000 1691.09
19100 1709.28
19200 1728.47
19300 1746.77
19400 1765.2
19500 1783.2
19600 1801.73
19700 1820.81
19800 1838.4
19900 1856.01
20000 1874.15
20100 1892.94
20200 1912.15
20300 1932.1
20400 1952.12
20500 1971.28
20600 1989.52
20700 2008.51
20800 2028.86
20900 2048.76
21000 2068.44
21100 2087.56
21200 2104.88
21300 2124.61
21400 2145.8
21500 2167.41
21600 2188.29
21700 2210.35
21800 2230.42
21900 2250.21
22000 2269.43
22100 2288.49
22200 2308.15
22300 2327.98
22400 2349.26
22500 2370.8
22600 2391.72
22700 2411.48
22800 2431.49
22900 2451.11
23000 2469.18
23100 2487.69
23200 2507.9
23300 2529.71
23400 2550.63
23500 2570.78
23600 2590.53
23700 2610.55
23800 2629.29
23900 2649.02
24000 2668.61
24100 2685.49
24200 2701.92
24300 2719.65
24400 2738.02
24500 2754.92
24600 2772.73
24700 2792.63
24800 2812.1
24900 2832.83
25000 2851.28
25100 2869.28
25200 2885.57
25300 2899.87
25400 2912.77
25500 2923.48
25600 2932.73
25700 2937.9
25800 2941.62
25900 2940.83
26000 2938.69
26100 2938.56
26200 2938.51
26300 2939.35
26400 2940.01
26500 2940.85
26600 2942.47
26700 2945.29
26800 2945.78
26900 2944.38
27000 2943.78
27100 2944.13
27200 2947.02
27300 2946.67
27400 2944.92
27500 2945.2
27600 2946.66
27700 2951.37
27800 2955.02
27900 2957.77
28000 2961.77
28100 2963.81
28200 2963.04
28300 2961.44
28400 2960.08
28500 2958.48
28600 2955.88
28700 2956.45
28800 2959.17
28900 2962.08
29000 2963.75
29100 2969.01
29200 2971.16
29300 2968.63
29400 2967.72
29500 2970.29
29600 2971.28
29700 2970.07
29800 2970.34
29900 2970.54
30000 2972.81
30100 2975.31
30200 2975.16
30300 2975.92
30400 2973.93
30500 2970.39
30600 2967.36
30700 2967.19
30800 2966.74
30900 2966.13
31000 2967.52
31100 2967.75
31200 2965.86
31300 2963.65
31400 2960.29
31500 2958.06
31600 2957.44
31700 2959.54
31800 2961.54
31900 2962.18
32000 2964.95
32100 2969.16
32200 2969.47
32300 2970.23
32400 2971.06
32500 2966.15
32600 2960.81
32700 2961.19
32800 2964.36
32900 2968.45
33000 2971.54
33100 2972.97
33200 2976.9
33300 2977.75
33400 2977.14
33500 2978.31
33600 2978.62
33700 2978.84
33800 2977.25
33900 2978.04
34000 2980.02
34100 2979.52
34200 2976.66
34300 2975.84
34400 2975.52
34500 2975.36
34600 2976.46
34700 2978.19
34800 2978.21
34900 2978.75
35000 2980.98
35100 2983.24
35200 2981.3
35300 2981.08
35400 2981.28
35500 2980.46
35600 2980.72
35700 2979.24
35800 2975.14
35900 2973.03
36000 2973.55
36100 2976.93
36200 2978.28
36300 2976.74
36400 2976.14
36500 2977.83
36600 2979.18
36700 2976.88
36800 2974
36900 2974.44
37000 2976.83
37100 2978.8
37200 2979.17
37300 2980.14
37400 2981.09
37500 2978.2
37600 2977.45
37700 2975.29
37800 2975.6
37900 2975.86
38000 2974.83
38100 2975.56
38200 2977.68
38300 2979.95
38400 2982.39
38500 2985.82
38600 2985.99
38700 2980.28
38800 2976.38
38900 2975.23
39000 2973.45
39100 2971.85
39200 2972.91
39300 2977.24
39400 2979
39500 2978.17
39600 2974.4
39700 2974.65
39800 2978.17
39900 2980.13
40000 2981.13
40100 2983.89
40200 2980.38
40300 2977.68
40400 2980.05
40500 2982.66
40600 2982.76
40700 2985.08
40800 2986.27
40900 2984.67
41000 2983.68
41100 2983.97
41200 2985.29
41300 2983.54
41400 2983.16
41500 2981.26
41600 2984.68
41700 2987.88
41800 2984.02
41900 2983.35
42000 2986.28
42100 2988.28
42200 2987.05
42300 2988.92
42400 2989.66
42500 2987.97
42600 2989.67
42700 2989.89
42800 2989.31
42900 2987.35
43000 2987.1
43100 2986.85
43200 2986.88
43300 2984.59
43400 2982.63
43500 2982.15
43600 2985.29
43700 2988.78
43800 2987.79
43900 2985.58
44000 2983.51
44100 2983.5
44200 2987.62
44300 2989.1
44400 2987.88
44500 2987.66
44600 2989.67
44700 2987.23
44800 2984.91
44900 2983.87
45000 2982.79
45100 2981.79
45200 2982.55
45300 2983.43
45400 2985.78
45500 2986.53
45600 2984.12
45700 2982.29
45800 2982.55
45900 2981.28
46000 2976.85
46100 2977.58
46200 2980.63
46300 2985.56
46400 2988.83
46500 2987.64
46600 2985.63
46700 2986.31
46800 2987.97
46900 2987.8
47000 2991.83
47100 2993.72
47200 2993.58
47300 2994.14
47400 2994.7
47500 2995.21
47600 2992.05
47700 2991.83
47800 2992.5
47900 2990.31
48000 2989.3
48100 2991.61
48200 2992.05
48300 2993.53
48400 2995.69
48500 2995.26
48600 2995.61
48700 2994.36
48800 2991.11
48900 2988.85
49000 2990.26
49100 2990.07
49200 2989.46
49300 2990.2
49400 2990.25
49500 2990.06
49600 2992.38
49700 2992.26
49800 2990.56
49900 2988.8
50000 2989.23
50100 2989.85
50200 2990.58
50300 2989.04
50400 2985.69
50500 2984.6
50600 2987.46
50700 2986.18
50800 2984.05
50900 2987.34
51000 2990.75
51100 2988.41
51200 2981.39
51300 2976.67
51400 2976.57
51500 2981.3
51600 2986.18
51700 2987.77
51800 2986.91
51900 2986.39
52000 2987.28
52100 2987.99
52200 2987.79
52300 2988.49
52400 2989.79
52500 2986.4
52600 2985.4
52700 2987.84
52800 2991.29
52900 2993.96
53000 2993.54
53100 2993.5
53200 2993.33
53300 2993.32
53400 2990.61
53500 2989
53600 2990.25
53700 2993.24
53800 2993.81
53900 2991.88
54000 2990.74
54100 2994.92
54200 2996.36
54300 2993.7
54400 2992.14
54500 2991.41
54600 2992.9
54700 2993.33
54800 2990.45
54900 2988.12
55000 2988.87
55100 2989.06
55200 2990.87
55300 2990.11
55400 2990.16
55500 2991.15
55600 2990.13
55700 2991.35
55800 2992
55900 2992.08
56000 2990.72
56100 2988.54
56200 2988.19
56300 2989.3
56400 2993.44
56500 2996.9
56600 2997.61
56700 2995.46
56800 2995.73
56900 2997.52
57000 2997.7
57100 2997.63
57200 2997.65
57300 2996.12
57400 2997.01
57500 2995.54
57600 2990.74
57700 2989.44
57800 2989.36
57900 2993.6
58000 2997.9
58100 2995.54
58200 2995.44
58300 2994.72
58400 2993.18
58500 2992.14
58600 2992.7
58700 2993.92
58800 2995.72
58900 2994.15
59000 2996.41
59100 2998.45
59200 3001.88
59300 3001.23
59400 3000.5
59500 2999.41
59600 3001.02
59700 3000.49
59800 2998.78
59900 2997.23
60000 2999.1
60100 2998.4
60200 2997.35
60300 2998.69
60400 2999.23
60500 2995.49
60600 2995.43
60700 2994.45
60800 2994.74
60900 2994.22
61000 2995.88
61100 2998.13
61200 2999.52
61300 2996.86
61400 2995.56
61500 2997.07
61600 2999.15
61700 2997.27
61800 2996.89
61900 3000.17
62000 3000.64
62100 3000.29
62200 3001.1
62300 3002.31
62400 2997.89
62500 2993.88
62600 2996.06
62700 2997.01
62800 2999.82
62900 3002.08
63000 2997.07
63100 2998.33
63200 2998.39
63300 2997.2
63400 2997.16
63500 3000.78
63600 3004
63700 3001.53
63800 3001.29
63900 3001.33
64000 3002.51
64100 3001.82
64200 2998.84
64300 2995.91
64400 2998.78
64500 3001.02
64600 2999.13
64700 2998.77
64800 2999.46
64900 3000.37
65000 3001.26
65100 3003.01
65200 3000.25
65300 2997.68
65400 2999.7
65500 3000.64
65600 3000.18
65700 3001.36
65800 3001.88
65900 3001.39
66000 3000.92
66100 3002.58
66200 3002.54
66300 3002.12
66400 3003.8
66500 3004.01
66600 3004.39
66700 3005.09
66800 3006.61
66900 3004.64
67000 3003
67100 3001.85
67200 3005.15
67300 3006.41
67400 3006.73
67500 3004.58
67600 3003.6
67700 3004.28
67800 3004.06
67900 3003.4
68000 3005.18
68100 3005.82
68200 3002.73
68300 3002.23
68400 3002.9
68500 3005.02
68600 3009.07
68700 3007.57
68800 3007.3
68900 3008.69
69000 3006.99
69100 3006.88
69200 3006.69
69300 3009.57
69400 3008.75
69500 3008.59
69600 3006.97
69700 3006.56
69800 3004.78
69900 3006.55
70000 3007.34
70100 3004.07
70200 3003.1
70300 3002.07
70400 3000.82
70500 3000.51
70600 3001.61
70700 3005.46
70800 3002.35
70900 3000.08
71000 2999.67
71100 2998.87
71200 2998.44
71300 2999.48
71400 3003.7
71500 3003.18
71600 3003.66
71700 3004.13
71800 3005.56
71900 3005.47
72000 3002.35
72100 3000.39
72200 2999.54
72300 2997.95
72400 3000.2
72500 3002.15
72600 3005.27
72700 3006.96
72800 3005.23
72900 3006.48
73000 3010.04
73100 3009.3
73200 3007.84
73300 3006.81
73400 3007.31
73500 3005.06
73600 3002.61
73700 3003.62
73800 3002.09
73900 3001.09
74000 3002.51
74100 3004.44
74200 3001.98
74300 2999.4
74400 3000.16
74500 2999.22
74600 2998.93
74700 3001.18
74800 3002.42
74900 3001.83
75000 3002.64
75100 3004.87
75200 3007
75300 3007
75400 3002.61
75500 3002.31
75600 3001.92
75700 3000.53
75800 3003.22
75900 3001.83
76000 3000.5
76100 3003
76200 3002.36
76300 3002.26
76400 3001.7
76500 3000.19
76600 2999.11
76700 2997.35
76800 2994.98
76900 2996.95
77000 2998.11
77100 2999.74
77200 3001.27
77300 2999.83
77400 2996.76
77500 2994.71
77600 2994.13
77700 2993.97
77800 2995.4
77900 2994.89
78000 2995.52
78100 2993.74
78200 2989.72
78300 2988.78
78400 2990.74
78500 2993.69
78600 2997.76
78700 3000.41
78800 3002.57
78900 2998.27
79000 2994.4
79100 2993.52
79200 2994.42
79300 2996.54
79400 3001.23
79500 3003
79600 3000.99
79700 2997.63
79800 2996.23
79900 2995.27
80000 2996.64
80100 2996.57
80200 2995.78
80300 2997.6
80400 3000.21
80500 2998.6
80600 2996.9
80700 2997.29
80800 2998.39
80900 2996.05
81000 2994.88
81100 2992.62
81200 2993.53
81300 2997.29
81400 2999.56
81500 2999.71
81600 2999.15
81700 2996.61
81800 2997.34
81900 2997.67
82000 2993.69
82100 2994.39
82200 2993.59
82300 2994.01
82400 2995.83
82500 2996.86
82600 2997.54
82700 2997.25
82800 2998.02
82900 3000.38
83000 2999.66
83100 2997.82
83200 2998.93
83300 2997.39
83400 2995.4
83500 2996.38
83600 2997
83700 2998.04
83800 2997.87
83900 2995.44
84000 2994.06
84100 2995.58
84200 2997.85
84300 2998.14
84400 2996.87
84500 2998.17
84600 3000.87
84700 2999.1
84800 2999.31
84900 2999.16
85000 3000.61
85100 3002.45
85200 3003.14
85300 3003.7
85400 3003.09
85500 3001.62
85600 2999.51
85700 2998.2
85800 3000.73
85900 3004.39
86000 3002.66
86100 3000.85
86200 3003.29
86300 3004.54
86400 3003.25
86500 3003.05
86600 3001.63
86700 3000.1
86800 3001.24
86900 3001.72
87000 3005.21
87100 3004.78
87200 3001.65
87300 3000.37
87400 3001.7
87500 3001.42
87600 3002.57
87700 3005.62
87800 3006.7
87900 3000.91
88000 2997.55
88100 3001.79
88200 3004.87
88300 3001.48
88400 2998.66
88500 2997.15
88600 2999.86
88700 3000.27
88800 2998.69
88900 2997.64
89000 2997.99
89100 3000.95
89200 3002.8
89300 3003.5
89400 3002.35
89500 3002.69
89600 3002.87
89700 3002.35
89800 3001.6
89900 2999.92
90000 2998.92
90100 2999.65
90200 3000.66
90300 3001.66
90400 3002.67
90500 3002.97
90600 3003.57
90700 3001.65
90800 3002.3
90900 3001.93
91000 3003.64
91100 3006.06
91200 3005.96
91300 3003.73
91400 3003.13
91500 2999.14
91600 2995.89
91700 2997.37
91800 3000.01
91900 3002.73
92000 3003.36
92100 3002.97
92200 3004.44
92300 3004.23
92400 3002.89
92500 3000.98
92600 3001.73
92700 2999.66
92800 2999.04
92900 2999.88
93000 3001.89
93100 3001.89
93200 3000.5
93300 2999.46
93400 3000.11
93500 3002.93
93600 3003.66
93700 3004.24
93800 3003.27
93900 3000.3
94000 3001.18
94100 3000.96
94200 3000.28
94300 3001.01
94400 3003.43
94500 3004.88
94600 3004.38
94700 3003.91
94800 3002.28
94900 3003.69
95000 3002.16
95100 3001.89
95200 3002.23
95300 3004.82
95400 3005.04
95500 3003.52
95600 3004.02
95700 3003.54
95800 3002.17
95900 3002.31
96000 3003.64
96100 3004.91
96200 3003.12
96300 3001.85
96400 3001.32
96500 3003.71
96600 3004.99
96700 3003.22
96800 3001.49
96900 2999.24
97000 2996.39
97100 2995.94
97200 2998.53
97300 2997.69
97400 3000.59
97500 3000.03
97600 2999.48
97700 2999.81
97800 2997.94
97900 2996.59
98000 2995.58
98100 2992.65
98200 2991
98300 2991.68
98400 2994.92
98500 2999.14
98600 3000.74
98700 3000.77
98800 2999.58
98900 3000.35
99000 3001.7
99100 3000.21
99200 3000.15
99300 3001.33
99400 3003.12
99500 3001.38
99600 2998.03
99700 2994.81
99800 2999.26
99900 2998.75
100000 2994.48
