# Time-averaged data for fix msd_out
# TimeStep c_msd[4]
0 0
100 0.182133
200 0.458687
300 0.49679
400 0.499829
500 0.493377
600 0.583171
700 0.619809
800 0.684901
900 0.653133
1000 0.611455
1100 0.642002
1200 0.598496
1300 0.692407
1400 0.689654
1500 0.870429
1600 1.05482
1700 1.35514
1800 1.64235
1900 1.98521
2000 2.35315
2100 2.79929
2200 3.37026
2300 4.15032
2400 4.91303
2500 5.72045
2600 6.61313
2700 7.69754
2800 8.8714
2900 10.1672
3000 11.4278
3100 12.3868
3200 13.4047
3300 14.626
3400 15.7144
3500 16.4346
3600 17.0702
3700 18.0088
3800 19.0817
3900 20.3436
4000 20.9226
4100 21.3335
4200 22.11
4300 22.8141
4400 23.4541
4500 24.4543
4600 25.5013
4700 25.8031
4800 26.3378
4900 27.3891
5000 28.4872
5100 29.6029
5200 30.2759
5300 30.7535
5400 31.3575
5500 31.4402
5600 31.069
5700 30.8756
5800 31.1726
5900 31.1047
6000 30.6338
6100 31.1552
6200 31.3799
6300 31.9732
6400 32.4649
6500 32.9969
6600 33.6576
6700 34.2751
6800 34.3894
6900 34.8066
7000 35.6626
7100 35.8768
7200 35.4091
7300 35.5098
7400 35.5638
7500 36.1388
7600 36.3736
7700 36.8205
7800 37.0968
7900 37.0952
8000 36.6583
8100 36.6562
8200 36.7302
8300 36.0446
8400 35.9618
8500 35.5225
8600 35.3765
8700 35.0638
8800 34.7893
8900 34.057
9000 33.4607
9100 33.3458
9200 33.2545
9300 33.308
9400 33.1691
9500 32.4614
9600 31.9002
9700 32.0215
9800 31.747
9900 31.923
10000 31.7791
10100 31.6522
10200 31.153
10300 31.0437
10400 30.9169
10500 30.7723
10600 30.3511
10700 30.1912
10800 30.2607
10900 29.9757
11000 29.9191
11100 29.6167
11200 29.1743
11300 28.8496
11400 27.6477
11500 28.2161
11600 28.1509
11700 27.5883
11800 27.0897
11900 27.3826
12000 27.5386
12100 27.5066
12200 27.07
12300 27.156
12400 27.4685
12500 28.1999
12600 28.6655
12700 28.3599
12800 29.1069
12900 29.6767
13000 30.0045
13100 29.6771
13200 29.3508
13300 29.8366
13400 29.3988
13500 29.4305
13600 29.6107
13700 30.2115
13800 30.1717
13900 30.1083
14000 29.8245
14100 30.3034
14200 30.6082
14300 31.1695
14400 31.0353
14500 31.0573
14600 31.2862
14700 31.0314
14800 31.5176
14900 31.7613
15000 31.8536
15100 31.9499
15200 32.1888
15300 32.2233
15400 32.3754
15500 32.9908
15600 32.6638
15700 32.9741
15800 32.5983
15900 32.426
16000 32.1011
16100 32.162
16200 33.0238
16300 32.8307
16400 33.0947
16500 33.4793
16600 33.2498
16700 33.421
16800 33.9467
16900 33.3732
17000 33.7415
17100 33.6768
17200 33.8537
17300 34.1743
17400 34.0599
17500 34.0883
17600 34.3129
17700 33.5903
17800 34.1757
17900 34.0219
18000 33.6778
18100 33.7379
18200 33.6765
18300 33.7912
18400 34.2051
18500 33.8606
18600 33.632
18700 33.9055
18800 33.7748
18900 33.7289
19000 33.2704
19100 33.0712
19200 32.8918
19300 33.2814
19400 32.6861
19500 32.2449
19600 31.8594
19700 32.0949
19800 32.0541
19900 31.8132
20000 31.9656
20100 31.7822
20200 31.4574
20300 30.8429
20400 30.9455
20500 31.0411
20600 31.002
20700 30.9074
20800 30.6797
20900 30.576
21000 30.7739
21100 30.5826
21200 30.5148
21300 30.7179
21400 30.8152
21500 30.5519
21600 30.6301
21700 30.6986
21800 29.7498
21900 29.4869
22000 29.3302
22100 29.1526
22200 28.9002
22300 29.3552
22400 29.3492
22500 29.1721
22600 29.1837
22700 29.1456
22800 28.7638
22900 28.5073
23000 28.1725
23100 28.5748
23200 28.6529
23300 28.4285
23400 28.7957
23500 28.254
23600 27.6996
23700 27.8828
23800 27.777
23900 28.9094
24000 28.6957
24100 28.8336
24200 28.6492
24300 28.9762
24400 28.9067
24500 29.042
24600 29.3002
24700 28.8874
24800 28.9294
24900 28.8691
25000 28.8887
25100 29.4808
25200 29.3427
25300 29.3002
25400 29.8624
25500 29.8647
25600 29.4182
25700 29.7839
25800 29.9529
25900 30.0561
26000 30.1865
26100 30.2393
26200 30.7146
26300 30.696
26400 30.7995
26500 30.6957
26600 30.9057
26700 31.2845
26800 31.7386
26900 31.8167
27000 32.0185
27100 32.6956
27200 33.0007
27300 33.3125
27400 33.4763
27500 33.7713
27600 34.2395
27700 34.8911
27800 34.8401
27900 34.707
28000 34.9682
28100 35.0206
28200 35.4439
28300 35.6919
28400 36.0803
28500 36.2525
28600 36.219
28700 36.3024
28800 36.2383
28900 36.4868
29000 37.013
29100 36.9747
29200 36.6369
29300 36.4121
29400 36.2604
29500 35.8866
29600 35.5933
29700 35.8885
29800 35.7593
29900 35.5463
30000 35.4554
30100 35.5933
30200 35.2201
30300 35.1907
30400 35.0389
30500 35.3142
30600 34.8531
30700 34.7559
30800 34.3591
30900 34.2291
31000 34.0777
31100 33.5661
31200 33.4473
31300 33.3024
31400 33.2179
31500 33.2553
31600 33.0881
31700 32.8355
31800 32.7573
31900 32.1912
32000 31.6873
32100 31.8223
32200 31.5696
32300 31.108
32400 30.8389
32500 30.9705
32600 30.594
32700 30.1842
32800 29.8521
32900 30.0201
33000 29.8079
33100 29.3865
33200 28.9396
33300 28.6846
33400 28.4697
33500 28.1608
33600 28.0589
33700 27.8943
33800 27.2272
33900 27.1403
34000 27.3467
34100 26.9776
34200 27.0205
34300 26.2286
34400 25.562
34500 25.1142
34600 25.4076
34700 25.5453
34800 25.4624
34900 25.2906
35000 25.3596
35100 25.8506
35200 25.6466
35300 25.6303
35400 25.6236
35500 25.575
35600 25.6337
35700 25.7102
35800 26.3269
35900 26.4983
36000 26.5452
36100 26.9662
36200 27.3965
36300 27.3389
36400 27.6602
36500 27.9931
36600 28.556
36700 29.0908
36800 29.2373
36900 29.4779
37000 29.7569
37100 30.2633
37200 30.7109
37300 30.7145
37400 30.7507
37500 31.2333
37600 31.3228
37700 31.5618
37800 32.1039
37900 32.5082
38000 32.9375
38100 33.3452
38200 34.3494
38300 35.1958
38400 35.5913
38500 35.9773
38600 36.4638
38700 36.6612
38800 36.9699
38900 36.8672
39000 36.4808
39100 36.7598
39200 37.0443
39300 36.5809
39400 36.3572
39500 35.7734
39600 35.5291
39700 35.0736
39800 35.1193
39900 34.8027
40000 34.3256
40100 33.9732
40200 33.4531
40300 33.2304
40400 32.8223
40500 32.7352
40600 32.5351
40700 32.1063
40800 31.5328
40900 31.4668
41000 30.8786
41100 30.5767
41200 30.1951
41300 29.9376
41400 29.6162
41500 29.4858
41600 28.8982
41700 28.8558
41800 29.0242
41900 28.6357
42000 28.3365
42100 28.1819
42200 27.8336
42300 27.7937
42400 27.615
42500 27.1382
42600 27.012
42700 26.9734
42800 27.2342
42900 27.029
43000 26.7638
43100 26.776
43200 27.3018
43300 26.9346
43400 26.8826
43500 26.6728
43600 26.8038
43700 26.7663
43800 26.8355
43900 27.0597
44000 27.2969
44100 27.8233
44200 28.4378
44300 28.3886
44400 29.1744
44500 29.5462
44600 29.8495
44700 29.7771
44800 30.318
44900 30.8096
45000 31.1677
45100 31.8906
45200 32.517
45300 32.7321
45400 33.0493
45500 33.7282
45600 34.183
45700 34.0443
45800 34.2104
45900 34.0846
46000 34.806
46100 34.7265
46200 35.2152
46300 35.2861
46400 35.822
46500 36.2987
46600 36.3683
46700 36.4721
46800 36.6473
46900 36.5702
47000 36.7855
47100 37.3959
47200 37.1596
47300 36.8657
47400 37.5477
47500 37.0852
47600 37.3047
47700 37.683
47800 37.1974
47900 37.2054
48000 37.1399
48100 36.724
48200 36.4682
48300 36.3195
48400 36.3739
48500 36.0826
48600 35.5761
48700 35.2063
48800 34.7323
48900 34.4512
49000 33.9027
49100 33.9155
49200 33.3241
49300 32.8855
49400 32.5286
49500 31.9934
49600 31.7874
49700 31.661
49800 31.0539
49900 30.7501
50000 30.7199
50100 30.1274
50200 29.475
50300 29.0535
50400 28.9646
50500 28.6942
50600 28.4826
50700 28.5101
50800 28.2694
50900 28.035
51000 27.6831
51100 27.8158
51200 27.7059
51300 27.6849
51400 27.7438
51500 27.8244
51600 27.8584
51700 27.8836
51800 28.0319
51900 27.985
52000 28.0872
52100 28.5824
52200 28.6711
52300 29.0951
52400 29.5813
52500 29.948
52600 30.4084
52700 30.5444
52800 31.5217
52900 31.7144
53000 32.2277
53100 32.9894
53200 33.6901
53300 34.1134
53400 34.5923
53500 34.8348
53600 35.2121
53700 35.9006
53800 35.9301
53900 36.5085
54000 36.8754
54100 37.0346
54200 37.1434
54300 37.7616
54400 37.8135
54500 38.0701
54600 38.2093
54700 38.1515
54800 39.0249
54900 38.7031
55000 38.8731
55100 38.8677
55200 38.4364
55300 38.7587
55400 39.3956
55500 39.4174
55600 38.6909
55700 38.7623
55800 37.9092
55900 38.5871
56000 38.3719
56100 37.2969
56200 36.9525
56300 36.6802
56400 37.0888
56500 36.5941
56600 36.7948
56700 36.7589
56800 36.6232
56900 36.2171
57000 35.9076
57100 35.4154
57200 34.6489
57300 34.512
57400 34.2664
57500 33.9264
57600 33.8362
57700 32.9774
57800 32.9081
57900 32.4316
58000 31.7633
58100 31.776
58200 31.2783
58300 31.4227
58400 30.6747
58500 30.3718
58600 30.295
58700 29.8846
58800 30.0382
58900 29.4708
59000 29.194
59100 29.6626
59200 29.3867
59300 28.9726
59400 29.1212
59500 29.1466
59600 29.1848
59700 28.8919
59800 28.7828
59900 29.3364
60000 29.1629
60100 28.848
60200 29.0797
60300 28.9676
60400 28.8972
60500 28.6692
60600 29.5503
60700 29.4355
60800 29.9077
60900 29.9098
61000 29.882
61100 30.1884
61200 30.7147
61300 30.3968
61400 30.337
61500 31.0342
61600 31.7082
61700 32.2602
61800 32.2382
61900 32.8525
62000 32.978
62100 33.12
62200 33.4189
62300 33.7925
62400 33.9492
62500 34.3606
62600 34.6356
62700 35.2204
62800 35.1522
62900 35.3964
63000 36.0449
63100 35.7697
63200 36.2379
63300 36.4588
63400 36.876
63500 36.9653
63600 36.9823
63700 37.3763
63800 37.3613
63900 37.6822
64000 37.8216
64100 37.6211
64200 37.8355
64300 37.4393
64400 37.6879
64500 37.3535
64600 37.439
64700 37.7293
64800 37.4908
64900 37.4306
65000 37.273
65100 36.9875
65200 36.9891
65300 36.6341
65400 36.8807
65500 36.6292
65600 35.8702
65700 36.0381
65800 35.6787
65900 35.6362
66000 35.2775
66100 34.4349
66200 34.5461
66300 34.0267
66400 33.8258
66500 33.6618
66600 33.2104
66700 32.8694
66800 32.3942
66900 32.1007
67000 31.9171
67100 31.3184
67200 31.0303
67300 30.9656
67400 30.596
67500 30.4902
67600 29.8333
67700 29.89
67800 29.6136
67900 29.3138
68000 29.0675
68100 28.6613
68200 28.7346
68300 28.4799
68400 28.3337
68500 28.0075
68600 27.9588
68700 27.9843
68800 27.5497
68900 27.7567
69000 27.6684
69100 27.7121
69200 27.8342
69300 28.0257
69400 28.236
69500 28.0377
69600 28.4047
69700 28.3753
69800 28.6987
69900 28.7264
70000 29.1024
70100 29.1056
70200 29.3937
70300 29.8972
70400 29.7015
70500 30.1598
70600 30.4004
70700 31.1903
70800 31.8031
70900 31.6013
71000 31.7864
71100 32.4843
71200 32.9087
71300 33.0708
71400 33.2295
71500 33.5835
71600 33.8085
71700 34.0266
71800 34.2977
71900 34.6258
72000 34.3838
72100 34.5744
72200 34.9116
72300 34.4406
72400 34.8392
72500 34.9353
72600 35.5571
72700 34.9889
72800 34.715
72900 34.769
73000 34.8552
73100 34.798
73200 35.058
73300 34.7908
73400 34.3642
73500 34.2642
73600 33.9721
73700 33.5177
73800 33.7463
73900 33.1992
74000 32.6796
74100 32.9194
74200 33.0575
74300 32.7718
74400 32.5872
74500 32.3111
74600 31.6173
74700 30.8162
74800 30.0899
74900 30.1697
75000 29.8009
75100 29.5468
75200 29.2514
75300 29.3987
75400 29.0556
75500 28.6251
75600 28.2775
75700 27.9503
75800 28.1213
75900 27.8479
76000 27.85
76100 27.2739
76200 27.3811
76300 27.593
76400 27.2928
76500 27.9393
76600 27.3289
76700 27.3073
76800 27.667
76900 27.512
77000 27.6374
77100 27.9629
77200 28.4892
77300 28.5695
77400 29.0962
77500 28.6457
77600 28.8767
77700 29.5351
77800 29.6495
77900 30.0513
78000 30.2564
78100 30.6265
78200 31.5047
78300 31.4647
78400 31.8894
78500 32.4429
78600 32.7514
78700 32.7138
78800 33.2209
78900 33.8994
79000 34.1265
79100 33.9158
79200 34.0656
79300 33.9025
79400 34.2174
79500 34.1428
79600 34.4153
79700 34.4457
79800 34.6949
79900 34.6506
80000 34.4347
80100 34.317
80200 34.4533
80300 34.4359
80400 34.5138
80500 33.9586
80600 33.593
80700 33.7244
80800 33.414
80900 32.5059
81000 32.6475
81100 32.5579
81200 32.2082
81300 31.5476
81400 31.5582
81500 30.8825
81600 30.4996
81700 30.6271
81800 30.0173
81900 30.0708
82000 29.8842
82100 29.14
82200 29.1671
82300 29.0205
82400 28.4089
82500 28.5931
82600 27.8722
82700 27.6884
82800 27.7293
82900 27.9363
83000 27.6727
83100 27.1914
83200 27.3794
83300 27.0728
83400 26.9461
83500 27.2979
83600 27.4321
83700 27.7003
83800 27.5125
83900 27.5956
84000 27.9215
84100 27.8547
84200 28.268
84300 28.5953
84400 28.9648
84500 29.3765
84600 29.2781
84700 30.1469
84800 30.1526
84900 30.2827
85000 30.7588
85100 30.9125
85200 31.6882
85300 32.2318
85400 32.1713
85500 32.5573
85600 32.8743
85700 33.1879
85800 33.7104
85900 33.6824
86000 33.4555
86100 34.1773
86200 34.0098
86300 34.0942
86400 34.4695
86500 34.4958
86600 34.3879
86700 34.4763
86800 34.4506
86900 34.4372
87000 34.3247
87100 34.23
87200 33.574
87300 33.0877
87400 33.0627
87500 32.9744
87600 32.4272
87700 32.2637
87800 32.38
87900 32.1507
88000 31.7477
88100 31.0592
88200 30.645
88300 30.258
88400 29.9297
88500 29.8447
88600 29.0467
88700 29.2897
88800 28.4848
88900 28.0576
89000 27.5531
89100 27.618
89200 27.7825
89300 27.5201
89400 27.2792
89500 26.7556
89600 26.909
89700 26.2867
89800 26.5264
89900 26.5046
90000 26.7189
90100 26.7937
90200 26.9976
90300 26.9413
90400 27.0847
90500 27.7777
90600 28.1149
90700 28.7658
90800 28.9978
90900 29.3696
91000 29.7105
91100 30.727
91200 30.6949
91300 31.244
91400 31.8074
91500 31.8854
91600 32.4988
91700 32.472
91800 33.0037
91900 33.4347
92000 33.0581
92100 34.0076
92200 33.8699
92300 33.8836
92400 34.3608
92500 34.5842
92600 34.3283
92700 34.511
92800 34.5349
92900 34.5977
93000 34.6181
93100 34.7198
93200 34.5949
93300 35.1057
93400 35.0336
93500 34.7577
93600 35.2105
93700 34.7673
93800 34.4687
93900 34.5595
94000 34.5723
94100 34.2071
94200 33.8573
94300 33.5293
94400 33.0365
94500 33.2077
94600 32.7404
94700 32.2914
94800 31.8756
94900 31.9499
95000 31.676
95100 31.279
95200 30.9016
95300 30.692
95400 30.3967
95500 30.4514
95600 29.8521
95700 29.4144
95800 29.2063
95900 29.3133
96000 28.9457
96100 28.7169
96200 28.4881
96300 28.2776
96400 28.0621
96500 28.4231
96600 27.9511
96700 27.5684
96800 27.848
96900 27.2798
97000 27.5901
97100 27.338
97200 28.0721
97300 27.9656
97400 28.2182
97500 28.1704
97600 28.9064
97700 29.2541
97800 29.753
97900 29.9486
98000 30.0712
98100 30.1818
98200 31.0129
98300 31.6812
98400 31.7218
98500 32.46
98600 32.9498
98700 33.617
98800 33.2586
98900 33.6545
99000 34.2747
99100 34.8941
99200 34.8546
99300 35.3909
99400 35.5835
99500 35.9388
99600 36.0444
99700 36.6458
99800 36.3313
99900 36.701
100000 36.668
