# Time-averaged data for fix msd_out
# TimeStep c_msd[4]
0 0
100 0.292424
200 0.359164
300 0.554298
400 0.601443
500 0.691715
600 0.757338
700 0.867883
800 0.966789
900 1.04339
1000 1.18036
1100 1.21466
1200 1.35043
1300 1.41681
1400 1.51689
1500 1.63262
1600 1.77535
1700 1.92454
1800 2.06297
1900 2.22397
2000 2.42645
2100 2.69508
2200 3.00359
2300 3.37794
2400 3.71889
2500 4.12803
2600 4.47633
2700 4.87457
2800 5.27787
2900 5.74543
3000 6.18437
3100 6.65836
3200 7.11938
3300 7.69099
3400 8.33659
3500 8.99556
3600 9.7382
3700 10.4662
3800 11.3529
3900 12.3272
4000 13.222
4100 14.1053
4200 15.0935
4300 16.193
4400 17.3748
4500 18.4224
4600 19.5152
4700 20.7288
4800 22.0691
4900 23.5925
5000 25.0733
5100 26.652
5200 28.4564
5300 30.4711
5400 32.4467
5500 34.5554
5600 36.7292
5700 39.194
5800 41.9545
5900 44.6643
6000 47.4239
6100 50.3948
6200 53.6146
6300 56.8581
6400 59.9543
6500 63.1662
6600 66.8146
6700 70.7049
6800 74.5684
6900 78.452
7000 82.4205
7100 86.6058
7200 90.9812
7300 95.1673
7400 98.9205
7500 102.538
7600 106.616
7700 111.161
7800 116.188
7900 121.193
8000 126.026
8100 130.854
8200 135.862
8300 141.081
8400 146.379
8500 151.95
8600 157.901
8700 163.962
8800 169.611
8900 174.737
9000 180.32
9100 186.352
9200 192.094
9300 197.258
9400 202.647
9500 208.498
9600 214.753
9700 221.053
9800 226.904
9900 232.818
10000 239.034
10100 245.528
10200 252.369
10300 259.361
10400 266.458
10500 272.982
10600 278.817
10700 285.111
10800 292.296
10900 299.566
11000 306.534
11100 313.057
11200 319.894
11300 326.25
11400 332.631
11500 338.822
11600 344.832
11700 350.34
11800 356.353
11900 362.174
12000 368.361
12100 374.796
12200 381.133
12300 386.664
12400 391.945
12500 398.018
12600 404.513
12700 410.632
12800 417.121
12900 424.154
13000 431.326
13100 438.092
13200 444.544
13300 451.895
13400 458.632
13500 464.867
13600 470.587
13700 476.875
13800 483.84
13900 491.053
14000 497.974
14100 504.184
14200 510.664
14300 517.185
14400 523.352
14500 529.246
14600 535.465
14700 541.383
14800 547.407
14900 554.148
15000 560.417
15100 565.559
15200 571.94
15300 578.193
15400 583.71
15500 590.394
15600 597.1
15700 604.35
15800 612.129
15900 619.178
16000 627.031
16100 634.856
16200 642.245
16300 649.321
16400 656.266
16500 664.684
16600 673.312
16700 680.949
16800 689.078
16900 697.655
17000 707
17100 713.663
17200 717.011
17300 719.104
17400 719.669
17500 718.811
17600 718.621
17700 718.975
17800 722.596
17900 725.368
18000 723.949
18100 722.226
18200 721.285
18300 721.868
18400 723.662
18500 724.15
18600 725.129
18700 725.278
18800 724.898
18900 722.844
19000 722.743
19100 721.794
19200 722.283
19300 725.21
19400 728.146
19500 729.969
19600 733.024
19700 736.922
19800 736.52
19900 736.444
20000 737.472
20100 738.683
20200 739.986
20300 740.555
20400 744.063
20500 746.898
20600 750.468
20700 751.769
20800 753.223
20900 755.329
21000 757.242
21100 756.637
21200 757.102
21300 757.124
21400 755.63
21500 756.754
21600 755.956
21700 754.447
21800 755.291
21900 755.565
22000 756.59
22100 755.536
22200 756.645
22300 756.696
22400 756.422
22500 758.076
22600 756.838
22700 758.058
22800 758.803
22900 758.119
23000 758.364
23100 756.793
23200 755.589
23300 757.504
23400 758.228
23500 759.798
23600 759.645
23700 758.24
23800 757.192
23900 757.931
24000 758.205
24100 758.482
24200 758.498
24300 759.012
24400 759.034
24500 758.349
24600 760.344
24700 760.463
24800 761.491
24900 761.547
25000 761.293
25100 761.583
25200 762.267
25300 763.04
25400 761.054
25500 762.16
25600 761.551
25700 761.239
25800 759.449
25900 758.604
26000 759.02
26100 760.08
26200 761.837
26300 760.774
26400 760.214
26500 761.439
26600 762.258
26700 762.558
26800 762.789
26900 762.194
27000 760.257
27100 760.47
27200 760.064
27300 761.623
27400 762.285
27500 762.79
27600 763.357
27700 763.695
27800 763.573
27900 763.345
28000 763.107
28100 764.914
28200 766.463
28300 766.481
28400 764.869
28500 762.72
28600 762.905
28700 761.892
28800 762.591
28900 762.621
29000 761.525
29100 761.551
29200 762.933
29300 764.932
29400 766.767
29500 766.704
29600 765.6
29700 764.265
29800 763.84
29900 764.553
30000 765.495
30100 764.967
30200 765.464
30300 766.759
30400 767.124
30500 766.766
30600 764.326
30700 763.394
30800 762.556
30900 761.785
31000 763.689
31100 762.752
31200 763.349
31300 764.15
31400 764.588
31500 764.913
31600 764.9
31700 765.276
31800 764.551
31900 764.9
32000 764.727
32100 766.776
32200 768.092
32300 768.176
32400 767.113
32500 766.666
32600 766.524
32700 767.598
32800 768.958
32900 767.663
33000 767.047
33100 766.185
33200 767.49
33300 768.922
33400 770.058
33500 770.35
33600 770.329
33700 769.647
33800 770.392
33900 772.011
34000 773.139
34100 772.847
34200 771.634
34300 770.766
34400 769.543
34500 768.854
34600 766.961
34700 765.137
34800 763.7
34900 763.834
35000 766.604
35100 768.179
35200 768.088
35300 767.702
35400 768.914
35500 767.879
35600 767.979
35700 767.935
35800 769.959
35900 771.437
36000 770.355
36100 769.551
36200 769.614
36300 769.052
36400 768.83
36500 768.908
36600 768.786
36700 769.395
36800 769.524
36900 770.306
37000 771.334
37100 771.345
37200 769.382
37300 768.086
37400 769.584
37500 770.451
37600 769.255
37700 769.255
37800 768.943
37900 770.227
38000 770.257
38100 769.065
38200 767.941
38300 768.479
38400 769.766
38500 769.424
38600 769.953
38700 771.059
38800 773.21
38900 772.883
39000 771.645
39100 770.788
39200 770.752
39300 771.187
39400 771.622
39500 771.753
39600 772.986
39700 773.381
39800 772.81
39900 773.347
40000 775.297
40100 775.864
40200 775.203
40300 774.042
40400 773.582
40500 772.491
40600 773.19
40700 775.716
40800 777.214
40900 778.69
41000 776.921
41100 774.858
41200 774.164
41300 774.434
41400 775.341
41500 775.004
41600 775.039
41700 775.934
41800 777.257
41900 774.648
42000 772.834
42100 773.114
42200 772.54
42300 775.067
42400 777.082
42500 776.161
42600 774.766
42700 775.747
42800 774.172
42900 773.071
43000 772.07
43100 771.561
43200 772.28
43300 771.418
43400 773.012
43500 772.216
43600 770.485
43700 770.289
43800 770.843
43900 771.254
44000 771.019
44100 770.53
44200 770.733
44300 769.256
44400 767.878
44500 767.929
44600 770.371
44700 771.602
44800 772.587
44900 772.144
45000 771.847
45100 771.955
45200 771.382
45300 771.241
45400 771.022
45500 770.5
45600 771.707
45700 770.237
45800 769.164
45900 769.24
46000 768.501
46100 767.485
46200 766.278
46300 765.854
46400 764.28
46500 765.399
46600 766.584
46700 769.742
46800 769.655
46900 768.785
47000 768.953
47100 767.458
47200 767.219
47300 768.081
47400 767.383
47500 767.729
47600 768.099
47700 768.332
47800 768.395
47900 769.623
48000 770.978
48100 771.192
48200 769.427
48300 770.747
48400 771.503
48500 771.425
48600 773.042
48700 773.16
48800 774.489
48900 773.413
49000 772.371
49100 773.539
49200 772.797
49300 771.727
49400 771.209
49500 770.452
49600 770.435
49700 770.154
49800 770.321
49900 769.925
50000 770.685
50100 768.642
50200 767.965
50300 768.064
50400 768.374
50500 769.078
50600 769.426
50700 770.167
50800 769.391
50900 770.065
51000 770.132
51100 769.76
51200 768.138
51300 766.733
51400 769.3
51500 770.419
51600 768.889
51700 769.083
51800 768.215
51900 769.131
52000 768.013
52100 767.9
52200 767.837
52300 768.12
52400 768.233
52500 768.205
52600 766.416
52700 767.495
52800 769.081
52900 769.263
53000 770.318
53100 772.074
53200 771.524
53300 770.273
53400 771.015
53500 769.606
53600 770.782
53700 772.071
53800 772.752
53900 770.851
54000 770.651
54100 771.906
54200 772.925
54300 774.233
54400 776.11
54500 776.432
54600 776.495
54700 776.651
54800 775.94
54900 775.783
55000 774.511
55100 774.338
55200 771.785
55300 772.547
55400 772.998
55500 772.819
55600 775.04
55700 776.809
55800 777.976
55900 776.96
56000 776.638
56100 776.723
56200 776.405
56300 774.354
56400 774.057
56500 775.636
56600 776.798
56700 775.352
56800 774.17
56900 773.685
57000 773.122
57100 774.042
57200 775.587
57300 775.356
57400 776.387
57500 775.992
57600 777.362
57700 776.345
57800 775.457
57900 776.306
58000 774.292
58100 775.519
58200 776.953
58300 775.059
58400 773.759
58500 773.22
58600 771.844
58700 774.65
58800 774.514
58900 775.338
59000 774.506
59100 773.82
59200 775.539
59300 775.943
59400 777.472
59500 778.126
59600 779.213
59700 779.306
59800 777.749
59900 778.261
60000 776.978
60100 777.525
60200 778.787
60300 779.513
60400 778.726
60500 778.98
60600 777.643
60700 778.357
60800 777.832
60900 777.626
61000 777.069
61100 777.222
61200 776.599
61300 779.051
61400 779.816
61500 778.939
61600 778.42
61700 776.252
61800 775.842
61900 777.303
62000 778.141
62100 778.192
62200 778.532
62300 778.567
62400 778.604
62500 778.614
62600 777.125
62700 774.733
62800 772.411
62900 773.24
63000 772.91
63100 774.307
63200 776.447
63300 777.767
63400 776.547
63500 775.953
63600 774.568
63700 773.352
63800 774.199
63900 776.049
64000 776.276
64100 775.715
64200 775.715
64300 773.444
64400 773.255
64500 772.975
64600 773.794
64700 773.467
64800 775.013
64900 774.922
65000 774.457
65100 775.078
65200 775.123
65300 774.414
65400 775.233
65500 774.439
65600 775.531
65700 774.175
65800 773.292
65900 774.254
66000 775.304
66100 775.612
66200 774.196
66300 774.931
66400 775.754
66500 775.762
66600 773.901
66700 774.845
66800 777.931
66900 775.055
67000 775.986
67100 774.281
67200 773.971
67300 775.733
67400 777.126
67500 777.137
67600 777.528
67700 775.21
67800 774.337
67900 775.105
68000 776.752
68100 777.751
68200 778.649
68300 779.38
68400 779.399
68500 779.459
68600 779.678
68700 778.401
68800 777.221
68900 776.898
69000 777.086
69100 778.007
69200 777.456
69300 776.833
69400 777.895
69500 776.855
69600 779.258
69700 779.056
69800 779.181
69900 779.305
70000 778.58
70100 776.859
70200 777.27
70300 777.694
70400 778.809
70500 777.152
70600 776.719
70700 775.929
70800 776.138
70900 775.746
71000 775.65
71100 774.755
71200 776.948
71300 776.334
71400 776.047
71500 775.883
71600 775.704
71700 775.519
71800 774.199
71900 774.383
72000 775.407
72100 775.061
72200 776.918
72300 776.773
72400 776.174
72500 776.998
72600 777.411
72700 776.939
72800 775.961
72900 775.428
73000 775.636
73100 775.454
73200 776.171
73300 776.401
73400 774.53
73500 772.497
73600 771.223
73700 772.317
73800 773.729
73900 773.285
74000 772.998
74100 773.876
74200 772.302
74300 771.811
74400 773.898
74500 775.507
74600 774.511
74700 774.359
74800 776.499
74900 775.494
75000 775.003
75100 774.844
75200 773.814
75300 772.262
75400 771.972
75500 773.023
75600 771.164
75700 772.018
75800 772.451
75900 771.832
76000 773.184
76100 774.444
76200 775.627
76300 775.359
76400 773.378
76500 771.881
76600 770.932
76700 771.024
76800 771.785
76900 771.62
77000 772.051
77100 772.501
77200 771.615
77300 771.793
77400 772.587
77500 773.517
77600 772.961
77700 773.041
77800 771.411
77900 771.032
78000 771.5
78100 770.659
78200 771.331
78300 771.866
78400 771.99
78500 772.21
78600 771.679
78700 772.105
78800 770.814
78900 770.938
79000 771.466
79100 771.621
79200 772.193
79300 771.326
79400 771.022
79500 771.303
79600 771.127
79700 769.786
79800 769.337
79900 768.704
80000 769.059
80100 768.837
80200 769.868
80300 768.781
80400 768.482
80500 770.308
80600 770
80700 771.219
80800 771.982
80900 771.058
81000 772.124
81100 772.494
81200 773.551
81300 773.42
81400 775.674
81500 774.499
81600 771.08
81700 771.046
81800 770.313
81900 771.402
82000 771.138
82100 771.392
82200 771.943
82300 773.108
82400 773.847
82500 773.466
82600 773.841
82700 772.978
82800 773.459
82900 774.481
83000 774.195
83100 773.279
83200 773.82
83300 775.112
83400 775.195
83500 774.689
83600 773.647
83700 771.171
83800 773.072
83900 774.246
84000 773.721
84100 775.32
84200 774.997
84300 773.694
84400 774.217
84500 774.67
84600 773.267
84700 773.868
84800 772.242
84900 773.338
85000 774.904
85100 775.782
85200 774.867
85300 773.918
85400 773.355
85500 772.999
85600 773.693
85700 774.488
85800 773.779
85900 773.973
86000 772.892
86100 774.446
86200 776.03
86300 774.276
86400 774.293
86500 772.897
86600 772.12
86700 770.711
86800 770.789
86900 770.715
87000 773.043
87100 773.307
87200 774.202
87300 775.598
87400 775.899
87500 775.913
87600 775.315
87700 774.15
87800 774.124
87900 774.601
88000 775.813
88100 777.509
88200 777.238
88300 776.673
88400 776.341
88500 776.329
88600 777.544
88700 775.549
88800 776.597
88900 776.347
89000 777.04
89100 777.108
89200 776.052
89300 776.337
89400 774.792
89500 774.655
89600 775.463
89700 775.174
89800 774.367
89900 774.368
90000 774.556
90100 774.449
90200 772.049
90300 773.728
90400 774.745
90500 775.63
90600 773.979
90700 775.404
90800 774.776
90900 776.151
91000 776.502
91100 776.351
91200 776.223
91300 775.474
91400 776.317
91500 776.976
91600 777.623
91700 777.709
91800 778.401
91900 778.978
92000 778.788
92100 779.39
92200 778.569
92300 776.32
92400 777.497
92500 775.788
92600 776.564
92700 777.021
92800 778.217
92900 777.206
93000 777.184
93100 775.765
93200 776.372
93300 774.959
93400 774.183
93500 774.399
93600 774.393
93700 775.483
93800 777.601
93900 777.338
94000 777.976
94100 775.965
94200 776.234
94300 775.487
94400 775.872
94500 775.447
94600 776.462
94700 777.311
94800 777.258
94900 777.79
95000 778.092
95100 776.668
95200 776.136
95300 777.007
95400 775.461
95500 776.494
95600 775.609
95700 776.682
95800 776.07
95900 777.175
96000 777.289
96100 776.531
96200 776.581
96300 775.936
96400 775.698
96500 776.609
96600 778.128
96700 777.731
96800 778.175
96900 776.431
97000 775.715
97100 775.219
97200 775.527
97300 775.45
97400 777.165
97500 776.382
97600 777.635
97700 778.217
97800 776.058
97900 774.524
98000 774.035
98100 775.267
98200 775.187
98300 776.281
98400 774.308
98500 774.902
98600 774.182
98700 774.576
98800 774.818
98900 775.23
99000 775.556
99100 775.683
99200 776.408
99300 778.459
99400 779.716
99500 778.083
99600 778.713
99700 778.344
99800 776.493
99900 774.806
100000 774.847
