# Time-averaged data for fix thAvgFix
# TimeStep v_myPE v_myKE v_myTE v_myPress v_myTemp
1000 0.822712 1.01174 1.83446 0.0200072 0.677885
2000 0.407176 0.746349 1.15353 -0.0199591 0.500066
3000 0.382231 0.746038 1.12827 -0.0191053 0.499858
4000 0.348692 0.747035 1.09573 -0.0177088 0.500526
5000 0.31124 0.749684 1.06092 -0.0172682 0.502301
6000 0.232106 0.74361 0.975715 -0.0198114 0.498231
7000 0.160611 0.7464 0.907011 -0.0144387 0.5001
8000 0.109523 0.74846 0.857982 -0.0146661 0.50148
9000 0.0459355 0.763354 0.80929 -0.0104732 0.51146
10000 -0.027488 0.74716 0.719672 -0.00852995 0.50061
11000 -0.0940054 0.74862 0.654614 -0.00902316 0.501588
12000 -0.203922 0.750231 0.546309 -0.00592328 0.502667
13000 -0.250698 0.749961 0.499263 -0.0050228 0.502487
14000 -0.36559 0.758883 0.393293 -0.00138769 0.508464
15000 -0.499776 0.75441 0.254633 -0.00256139 0.505467
16000 -0.751863 0.755762 0.00389899 -0.0034906 0.506373
17000 -0.987568 0.760314 -0.227254 -0.0053548 0.509423
18000 -1.16369 0.772553 -0.391135 -0.00934638 0.517623
19000 -1.37263 0.755351 -0.61728 -0.0103861 0.506098
20000 -1.60433 0.741932 -0.8624 -0.0106348 0.497107
21000 -1.72007 0.734154 -0.985918 -0.0125839 0.491896
22000 -1.84086 0.741435 -1.09942 -0.0112835 0.496774
23000 -1.95824 0.735411 -1.22283 -0.0112982 0.492738
24000 -2.13756 0.759156 -1.3784 -0.0116013 0.508647
25000 -2.35941 0.763747 -1.59566 -0.0176465 0.511723
26000 -2.54478 0.762123 -1.78266 -0.0240577 0.510635
27000 -2.6473 0.766853 -1.88044 -0.0262606 0.513804
28000 -2.78282 0.759738 -2.02308 -0.0267667 0.509037
29000 -2.90048 0.749625 -2.15086 -0.0278472 0.502261
30000 -3.05038 0.746816 -2.30357 -0.0262226 0.500379
31000 -3.19612 0.75906 -2.43706 -0.0218122 0.508583
32000 -3.26872 0.74766 -2.52106 -0.024979 0.500945
33000 -3.37091 0.759223 -2.61168 -0.0243999 0.508692
34000 -3.46774 0.755756 -2.71198 -0.0245988 0.506369
35000 -3.51959 0.734769 -2.78482 -0.0214061 0.492307
36000 -3.60699 0.746598 -2.86039 -0.0238093 0.500233
37000 -3.67088 0.769463 -2.90142 -0.0208298 0.515553
38000 -3.7537 0.745328 -3.00837 -0.0220701 0.499382
39000 -3.87396 0.747499 -3.12646 -0.030026 0.500837
40000 -4.05108 0.731761 -3.31932 -0.0267655 0.490292
41000 -4.25958 0.757371 -3.50221 -0.0273395 0.507451
42000 -4.48346 0.742042 -3.74141 -0.0338782 0.497181
43000 -4.64221 0.770443 -3.87176 -0.0441806 0.516209
44000 -4.85744 0.751276 -4.10616 -0.0429849 0.503367
45000 -4.91383 0.740647 -4.17318 -0.0421486 0.496246
46000 -4.95512 0.724623 -4.2305 -0.050671 0.485509
47000 -5.08671 0.758459 -4.32825 -0.0543658 0.50818
48000 -5.17916 0.748568 -4.4306 -0.0642255 0.501553
49000 -5.35442 0.746234 -4.60819 -0.0646823 0.499989
50000 -5.5563 0.759539 -4.79676 -0.0604996 0.508904
51000 -5.69299 0.749078 -4.94391 -0.0595651 0.501895
52000 -5.75243 0.738181 -5.01425 -0.0573824 0.494593
53000 -5.82916 0.76906 -5.0601 -0.0497242 0.515283
54000 -5.9288 0.767223 -5.16158 -0.0540227 0.514053
55000 -6.05699 0.750262 -5.30673 -0.0592339 0.502688
56000 -6.14876 0.735055 -5.41371 -0.0563873 0.492499
57000 -6.30951 0.753913 -5.55559 -0.0453121 0.505135
58000 -6.57774 0.759081 -5.81866 -0.0393901 0.508597
59000 -6.85989 0.752509 -6.10738 -0.0375258 0.504194
60000 -6.97589 0.752001 -6.22389 -0.042115 0.503853
61000 -7.28336 0.751471 -6.53189 -0.0277244 0.503498
62000 -7.41893 0.754536 -6.66439 -0.0447623 0.505552
63000 -7.47308 0.764177 -6.7089 -0.0625059 0.512012
64000 -7.51993 0.748915 -6.77102 -0.0632917 0.501786
65000 -7.53307 0.759109 -6.77397 -0.0639142 0.508616
66000 -7.52507 0.754473 -6.7706 -0.0566431 0.50551
67000 -7.53154 0.749625 -6.78192 -0.0656071 0.502261
68000 -7.52235 0.742845 -6.77951 -0.063913 0.497719
69000 -7.5301 0.757609 -6.77249 -0.0570209 0.507611
70000 -7.56591 0.730741 -6.83517 -0.0625446 0.489609
71000 -7.53322 0.74672 -6.7865 -0.064552 0.500315
72000 -7.52935 0.760804 -6.76854 -0.0606696 0.509752
73000 -7.58498 0.731224 -6.85376 -0.0614607 0.489932
74000 -7.55628 0.74097 -6.81531 -0.0610391 0.496462
75000 -7.57972 0.712967 -6.86675 -0.0696367 0.4777
76000 -7.54689 0.747148 -6.79974 -0.0606769 0.500602
77000 -7.55582 0.735464 -6.82035 -0.0631592 0.492773
78000 -7.56344 0.735228 -6.82821 -0.0585965 0.492615
79000 -7.56167 0.750986 -6.81068 -0.0575836 0.503173
80000 -7.55516 0.750948 -6.80422 -0.064142 0.503148
81000 -7.55855 0.744891 -6.81366 -0.0656261 0.499089
82000 -7.59964 0.738087 -6.86155 -0.0621582 0.494531
83000 -7.57537 0.743368 -6.832 -0.0648165 0.498069
84000 -7.57228 0.739963 -6.83232 -0.0643638 0.495787
85000 -7.55603 0.756595 -6.79944 -0.0600194 0.506932
86000 -7.58045 0.733481 -6.84697 -0.0640368 0.491445
87000 -7.56384 0.746607 -6.81723 -0.0578412 0.500239
88000 -7.56146 0.743268 -6.81819 -0.0566859 0.498002
89000 -7.58193 0.737784 -6.84415 -0.0546398 0.494328
90000 -7.59136 0.733882 -6.85747 -0.0552747 0.491713
91000 -7.59651 0.744989 -6.85152 -0.0561162 0.499155
92000 -7.67713 0.720252 -6.95687 -0.0559171 0.482581
93000 -7.64818 0.744492 -6.90368 -0.0577927 0.498822
94000 -7.64664 0.748977 -6.89766 -0.0552605 0.501827
95000 -7.64214 0.751487 -6.89066 -0.0586789 0.503509
96000 -7.65259 0.745179 -6.90741 -0.0543507 0.499282
97000 -7.64067 0.754004 -6.88667 -0.061171 0.505195
98000 -7.67759 0.725677 -6.95191 -0.0560003 0.486216
99000 -7.63344 0.751634 -6.88181 -0.0619486 0.503607
100000 -7.61139 0.769973 -6.84142 -0.059108 0.515895
