# Time-averaged data for fix thAvgFix
# TimeStep v_myPE v_myKE v_myTE v_myPress v_myTemp
1000 1.18066 3.05049 4.23115 -0.0370828 2.1407
2000 0.386893 2.89741 3.28431 0.031467 2.03327
3000 0.23067 2.69178 2.92245 0.00518267 1.88897
4000 0.730386 2.70399 3.43438 -0.00977725 1.89754
5000 1.07344 3.12631 4.19975 -0.00383273 2.1939
6000 0.41462 2.86417 3.27879 -0.00546787 2.00994
7000 0.208509 2.68405 2.89256 -0.0236286 1.88355
8000 0.549359 2.91556 3.46492 -0.00281187 2.04601
9000 0.320593 2.7835 3.1041 -0.0181676 1.95334
10000 0.45563 2.80899 3.26462 -0.00350955 1.97122
11000 0.547908 3.02522 3.57313 -0.000447633 2.12296
12000 0.437941 2.86227 3.30021 0.000568791 2.00861
13000 0.614244 2.953 3.56724 -0.00170594 2.07228
14000 0.933782 2.92282 3.85661 0.00203261 2.05111
15000 0.6536 2.94038 3.59398 -0.00506502 2.06343
16000 0.483815 3.10971 3.59353 0.00778142 2.18226
17000 0.84341 2.7659 3.60931 -0.00328645 1.94098
18000 1.0492 2.83114 3.88034 -0.00376426 1.98677
19000 0.880737 2.85689 3.73763 -0.0116337 2.00484
20000 0.470851 2.67111 3.14196 0.00391847 1.87446
21000 0.357811 2.60924 2.96705 -0.00464567 1.83104
22000 0.423894 2.79047 3.21436 0.00761901 1.95822
23000 0.583689 2.66192 3.24561 -0.00638294 1.86802
24000 0.71517 2.72769 3.44286 -0.0082563 1.91417
25000 0.757384 2.81442 3.5718 -0.00269669 1.97503
26000 0.302529 2.95283 3.25536 0.0090156 2.07216
27000 0.638808 2.72393 3.36273 -0.00558552 1.91153
28000 0.462507 2.95327 3.41578 -0.00559754 2.07247
29000 0.365803 2.5565 2.9223 -0.00932687 1.79403
30000 0.376394 2.94774 3.32413 -0.00838672 2.06859
31000 0.264665 2.73701 3.00167 0.00853924 1.92071
32000 0.500045 2.77242 3.27247 -0.0032106 1.94556
33000 0.726984 2.66783 3.39481 -0.0102433 1.87216
34000 0.896953 2.84483 3.74179 -0.00380197 1.99637
35000 0.274787 2.73929 3.01408 -0.000457147 1.92231
36000 0.461901 2.91421 3.37612 0.00258617 2.04506
37000 0.208812 2.79163 3.00044 -0.000411786 1.95904
38000 0.232913 2.82976 3.06267 -0.0101812 1.9858
39000 0.477796 3.00932 3.48711 -0.00233624 2.1118
40000 0.406001 2.99534 3.40134 0.00388848 2.10199
41000 0.289451 2.86446 3.15391 -0.00368229 2.01015
42000 0.419808 2.5398 2.9596 -0.00541108 1.78231
43000 0.758764 3.01297 3.77173 -0.00383682 2.11437
44000 0.534991 2.93908 3.47407 0.00418767 2.06251
45000 0.209197 2.90245 3.11164 -0.0104737 2.03681
46000 0.414305 2.83607 3.25038 -0.0104443 1.99023
47000 0.353789 3.0472 3.40099 0.00284762 2.13838
48000 0.677342 2.65681 3.33415 -0.0052823 1.86443
49000 0.639022 2.73866 3.37768 -0.000841878 1.92186
50000 0.589161 2.80118 3.39034 0.00341267 1.96574
51000 0.564906 2.87753 3.44244 -0.00507373 2.01932
52000 0.413764 2.59766 3.01143 0.00171793 1.82292
53000 0.379932 3.01757 3.39751 -0.00110257 2.1176
54000 0.74336 2.86852 3.61188 -0.00291156 2.01299
55000 0.755053 2.91124 3.66629 -0.00684588 2.04297
56000 0.540073 2.6655 3.20557 0.00367933 1.87053
57000 0.632295 2.9046 3.5369 -0.000955421 2.03832
58000 0.757385 2.73908 3.49647 -0.0091111 1.92216
59000 0.332061 2.77273 3.10479 0.00647441 1.94578
60000 0.674227 2.78352 3.45775 0.000946804 1.95335
61000 0.590483 2.52959 3.12008 -0.00280507 1.77515
62000 0.23018 3.00047 3.23065 0.00435302 2.10559
63000 0.548575 2.96467 3.51324 0.00184183 2.08047
64000 0.812471 2.90435 3.71683 -0.00730323 2.03814
65000 0.511232 2.88716 3.3984 -0.00589532 2.02608
66000 0.10548 2.56015 2.66563 0.002794 1.7966
67000 0.343126 3.07222 3.41535 -0.00110532 2.15594
68000 0.391536 3.02353 3.41507 -0.00725812 2.12178
69000 0.869386 3.01057 3.87996 0.00894694 2.11268
70000 0.892536 2.78492 3.67745 -0.00195739 1.95433
71000 0.889299 2.88287 3.77217 -0.00536494 2.02307
72000 0.590303 2.90698 3.49728 -0.00127976 2.03998
73000 0.0866494 2.80234 2.88899 7.35297e-07 1.96656
74000 0.425566 2.74363 3.1692 -0.00990341 1.92535
75000 0.394292 3.06702 3.46131 0.0153916 2.1523
76000 0.652243 2.84315 3.49539 0.00282741 1.99519
77000 0.93071 2.93497 3.86568 -0.0235034 2.05963
78000 0.342757 2.74368 3.08643 -0.00248344 1.92539
79000 0.418248 3.00399 3.42224 -0.00461723 2.10806
80000 0.457067 3.06018 3.51724 -0.00523921 2.14749
81000 0.620174 2.92339 3.54356 -0.00906725 2.0515
82000 0.149789 2.95293 3.10272 0.00657598 2.07223
83000 0.454889 2.77814 3.23303 0.000102504 1.94957
84000 0.818287 3.01273 3.83102 -0.0114977 2.1142
85000 0.760822 2.90275 3.66357 -0.00223037 2.03702
86000 0.443873 2.5559 2.99978 -0.00934571 1.79362
87000 0.432265 2.98138 3.41364 -0.00694082 2.0922
88000 0.508299 2.95261 3.4609 7.23137e-05 2.072
89000 0.300911 2.58982 2.89073 0.000338778 1.81742
90000 0.43682 2.7878 3.22462 -0.0105353 1.95635
91000 0.503994 2.95544 3.45943 -0.00503389 2.07399
92000 0.589981 2.92822 3.5182 0.000221275 2.05489
93000 0.434736 2.53895 2.97368 -0.00279807 1.78172
94000 0.364644 2.80273 3.16737 -0.00521568 1.96683
95000 0.413492 2.70021 3.1137 0.00136898 1.89489
96000 0.148148 2.80535 2.95349 -0.00152948 1.96866
97000 0.439637 2.82239 3.26202 -0.0084768 1.98062
98000 0.488985 2.87997 3.36895 0.00203202 2.02103
99000 0.558886 3.0905 3.64939 0.0035193 2.16877
100000 0.531994 3.05807 3.59006 0.00169382 2.14601
