# Time-averaged data for fix thAvgFix
# TimeStep v_myPE v_myKE v_myTE v_myPress v_myTemp
1000 0.736695 0.941133 1.67783 0.013928 0.640226
2000 0.355765 0.735031 1.0908 -0.0220999 0.500021
3000 0.263179 0.727874 0.991053 -0.0123155 0.495153
4000 0.193081 0.733609 0.92669 -0.00373522 0.499054
5000 0.061446 0.697465 0.758911 0.00205787 0.474466
6000 -0.133342 0.764152 0.63081 0.00402581 0.519831
7000 -0.583492 0.76635 0.182858 -0.000412826 0.521327
8000 -1.15011 0.759726 -0.390383 -0.00203055 0.516821
9000 -1.67408 0.72783 -0.946246 0.000321797 0.495123
10000 -2.11121 0.745584 -1.36562 0.00345616 0.5072
11000 -3.00826 0.750764 -2.2575 -2.43254e-05 0.510724
12000 -3.6925 0.705981 -2.98652 0.000714576 0.48026
13000 -3.72151 0.735191 -2.98632 -2.52171e-05 0.50013
14000 -3.73879 0.744022 -2.99477 -0.00103631 0.506138
15000 -3.72999 0.750919 -2.97907 0.000178279 0.51083
16000 -3.63644 0.743862 -2.89258 0.000136022 0.506029
17000 -3.76588 0.750301 -3.01558 -0.00136014 0.510409
18000 -3.8233 0.735682 -3.08762 -0.00943041 0.500464
19000 -3.99811 0.771484 -3.22662 -0.0120975 0.524819
20000 -4.10792 0.741106 -3.36681 -0.0138517 0.504154
21000 -4.19934 0.754065 -3.44528 -0.0119449 0.512969
22000 -4.33303 0.725858 -3.60717 -0.00915262 0.493781
23000 -4.51067 0.704844 -3.80583 -0.0213377 0.479486
24000 -4.52137 0.71895 -3.80242 -0.0301292 0.489082
25000 -4.49571 0.730472 -3.76524 -0.0260743 0.49692
26000 -4.50081 0.714677 -3.78613 -0.0329474 0.486175
27000 -4.44598 0.754257 -3.69172 -0.0287114 0.5131
28000 -4.54347 0.713237 -3.83023 -0.0280892 0.485195
29000 -4.53244 0.719666 -3.81277 -0.0321912 0.489568
30000 -4.49381 0.735643 -3.75816 -0.0224061 0.500438
31000 -4.49616 0.73883 -3.75733 -0.029564 0.502605
32000 -4.48848 0.756563 -3.73192 -0.027421 0.514669
33000 -4.56035 0.735859 -3.82449 -0.0267536 0.500584
34000 -4.59521 0.745654 -3.84956 -0.0320886 0.507247
35000 -4.4747 0.746248 -3.72846 -0.0337448 0.507652
36000 -4.5894 0.722981 -3.86642 -0.0296595 0.491824
37000 -4.59458 0.751115 -3.84347 -0.0292401 0.510962
38000 -4.63666 0.729803 -3.90686 -0.0306818 0.496465
39000 -4.66255 0.69962 -3.96293 -0.0321409 0.475932
40000 -4.64541 0.73289 -3.91252 -0.0331122 0.498564
41000 -4.63288 0.736361 -3.89652 -0.0307129 0.500926
42000 -4.68821 0.685226 -4.00299 -0.0333274 0.46614
43000 -4.57835 0.767489 -3.81086 -0.0370932 0.522101
44000 -4.64519 0.729194 -3.916 -0.0324167 0.49605
45000 -4.62765 0.747893 -3.87976 -0.0267869 0.508771
46000 -4.59771 0.741756 -3.85596 -0.0297156 0.504596
47000 -4.5897 0.744717 -3.84498 -0.0309569 0.50661
48000 -4.62041 0.694262 -3.92614 -0.0291137 0.472287
49000 -4.58598 0.729111 -3.85687 -0.0301372 0.495994
50000 -4.56122 0.770259 -3.79096 -0.0338265 0.523986
51000 -4.66369 0.738666 -3.92502 -0.0256036 0.502494
52000 -4.65279 0.72373 -3.92906 -0.0306847 0.492333
53000 -4.66691 0.715603 -3.95131 -0.0302806 0.486804
54000 -4.62992 0.726116 -3.9038 -0.0318628 0.493957
55000 -4.56737 0.763105 -3.80426 -0.0304793 0.519119
56000 -4.63054 0.735663 -3.89487 -0.0294136 0.500451
57000 -4.68454 0.718989 -3.96555 -0.0241665 0.489108
58000 -4.66556 0.720393 -3.94517 -0.0274424 0.490063
59000 -4.68793 0.736175 -3.95176 -0.0259517 0.500799
60000 -4.64641 0.738947 -3.90746 -0.024055 0.502685
61000 -4.65481 0.715903 -3.93891 -0.0328516 0.487009
62000 -4.59611 0.75188 -3.84423 -0.0297517 0.511483
63000 -4.681 0.720991 -3.96001 -0.0314308 0.49047
64000 -4.66186 0.735005 -3.92685 -0.0320509 0.500003
65000 -4.66923 0.723915 -3.94532 -0.0319858 0.492459
66000 -4.67922 0.737275 -3.94194 -0.0235621 0.501547
67000 -4.69744 0.704874 -3.99257 -0.0318876 0.479506
68000 -4.69244 0.721758 -3.97068 -0.0221921 0.490992
69000 -4.66253 0.732199 -3.93033 -0.0308045 0.498095
70000 -4.66704 0.7382 -3.92884 -0.0348036 0.502177
71000 -4.66709 0.707789 -3.95931 -0.0304691 0.481489
72000 -4.65918 0.748348 -3.91083 -0.0349819 0.509081
73000 -4.69902 0.689422 -4.0096 -0.0315875 0.468995
74000 -4.63496 0.730423 -3.90454 -0.0277574 0.496887
75000 -4.62877 0.718884 -3.90989 -0.0334236 0.489037
76000 -4.66223 0.729829 -3.9324 -0.0289506 0.496482
77000 -4.7014 0.685991 -4.01541 -0.0361333 0.466661
78000 -4.65263 0.733378 -3.91925 -0.0237401 0.498896
79000 -4.56689 0.779908 -3.78698 -0.0309441 0.53055
80000 -4.62428 0.743443 -3.88083 -0.0280696 0.505744
81000 -4.64958 0.717583 -3.932 -0.0255883 0.488151
82000 -4.6519 0.723258 -3.92865 -0.0296483 0.492012
83000 -4.59561 0.731773 -3.86384 -0.0331542 0.497805
84000 -4.63137 0.728504 -3.90287 -0.0288996 0.495581
85000 -4.63441 0.739323 -3.89508 -0.0287912 0.502941
86000 -4.61017 0.749865 -3.86031 -0.0238211 0.510112
87000 -4.67466 0.725673 -3.94899 -0.027952 0.493655
88000 -4.76535 0.702889 -4.06246 -0.036679 0.478156
89000 -4.74324 0.738557 -4.00469 -0.0359954 0.502419
90000 -4.66379 0.757922 -3.90586 -0.0387046 0.515593
91000 -4.67665 0.754669 -3.92198 -0.0378413 0.51338
92000 -4.69604 0.7646 -3.93145 -0.0396404 0.520136
93000 -4.74426 0.726043 -4.01821 -0.0410893 0.493907
94000 -4.67552 0.756511 -3.91901 -0.0378115 0.514633
95000 -4.69406 0.758666 -3.93539 -0.0355896 0.5161
96000 -4.74877 0.708239 -4.04053 -0.0400186 0.481795
97000 -4.73478 0.715092 -4.01969 -0.0415892 0.486457
98000 -4.7341 0.72706 -4.00704 -0.0373792 0.494599
99000 -4.68952 0.772354 -3.91717 -0.0369986 0.525411
100000 -4.67453 0.755895 -3.91864 -0.0390243 0.514214
