# Time-averaged data for fix rg_out
# TimeStep c_rg
0 28.0001
100 28.0724
200 28.1254
300 28.1697
400 28.1973
500 28.2206
600 28.239
700 28.2545
800 28.2639
900 28.2667
1000 28.2669
1100 28.2571
1200 28.2443
1300 28.2213
1400 28.1942
1500 28.1637
1600 28.1292
1700 28.0841
1800 28.0296
1900 27.9724
2000 27.9164
2100 27.8576
2200 27.7921
2300 27.7192
2400 27.6342
2500 27.5464
2600 27.4593
2700 27.3675
2800 27.265
2900 27.1565
3000 27.0408
3100 26.9304
3200 26.8205
3300 26.6998
3400 26.5695
3500 26.4324
3600 26.3009
3700 26.1696
3800 26.0255
3900 25.8636
4000 25.704
4100 25.5483
4200 25.3899
4300 25.2144
4400 25.0259
4500 24.8519
4600 24.6823
4700 24.5039
4800 24.3148
4900 24.1253
5000 23.9405
5100 23.7639
5200 23.5695
5300 23.3662
5400 23.1622
5500 22.9626
5600 22.7605
5700 22.5412
5800 22.3123
5900 22.0977
6000 21.8886
6100 21.6696
6200 21.4393
6300 21.2111
6400 21.001
6500 20.7873
6600 20.5517
6700 20.315
6800 20.0865
6900 19.8647
7000 19.6411
7100 19.4138
7200 19.1826
7300 18.9589
7400 18.7483
7500 18.5546
7600 18.3521
7700 18.1288
7800 17.897
7900 17.6667
8000 17.4537
8100 17.2462
8200 17.0349
8300 16.8202
8400 16.6089
8500 16.3931
8600 16.1668
8700 15.9415
8800 15.7306
8900 15.5277
9000 15.3145
9100 15.0915
9200 14.8768
9300 14.6793
9400 14.4815
9500 14.2773
9600 14.0647
9700 13.852
9800 13.6595
9900 13.4646
10000 13.26
10100 13.0524
10200 12.8508
10300 12.6494
10400 12.4487
10500 12.2536
10600 12.0797
10700 11.8935
10800 11.6939
10900 11.4959
11000 11.2987
11100 11.1118
11200 10.9262
11300 10.7494
11400 10.5768
11500 10.3949
11600 10.2193
11700 10.064
11800 9.911
11900 9.7523
12000 9.58621
12100 9.41732
12200 9.26274
12300 9.11223
12400 8.95684
12500 8.78977
12600 8.61143
12700 8.45121
12800 8.29139
12900 8.12284
13000 7.94987
13100 7.7899
13200 7.64517
13300 7.4837
13400 7.31746
13500 7.15693
13600 7.01034
13700 6.85567
13800 6.68218
13900 6.51482
14000 6.35415
14100 6.20061
14200 6.03999
14300 5.89433
14400 5.75375
14500 5.61635
14600 5.45379
14700 5.30352
14800 5.15491
14900 5.00964
15000 4.86964
15100 4.73879
15200 4.60852
15300 4.47089
15400 4.33855
15500 4.19429
15600 4.06194
15700 3.91456
15800 3.76929
15900 3.6365
16000 3.49675
16100 3.35874
16200 3.24012
16300 3.12429
16400 3.00597
16500 2.87208
16600 2.75042
16700 2.63878
16800 2.54001
16900 2.43402
17000 2.29917
17100 2.22363
17200 2.19929
17300 2.17384
17400 2.20657
17500 2.22665
17600 2.22414
17700 2.25451
17800 2.2398
17900 2.22229
18000 2.25883
18100 2.30866
18200 2.31531
18300 2.30176
18400 2.27464
18500 2.24716
18600 2.2164
18700 2.21119
18800 2.20229
18900 2.21036
19000 2.21476
19100 2.24372
19200 2.26854
19300 2.23625
19400 2.20859
19500 2.18611
19600 2.17582
19700 2.17355
19800 2.18618
19900 2.1789
20000 2.15733
20100 2.18249
20200 2.16655
20300 2.17431
20400 2.18586
20500 2.18693
20600 2.14955
20700 2.1669
20800 2.18555
20900 2.191
21000 2.18197
21100 2.16816
21200 2.1443
21300 2.15242
21400 2.15221
21500 2.14435
21600 2.14788
21700 2.17007
21800 2.15199
21900 2.1627
22000 2.18199
22100 2.19049
22200 2.19864
22300 2.20253
22400 2.19024
22500 2.19598
22600 2.22993
22700 2.23266
22800 2.22051
22900 2.20016
23000 2.19148
23100 2.20378
23200 2.22421
23300 2.20752
23400 2.20594
23500 2.22376
23600 2.23304
23700 2.2582
23800 2.25658
23900 2.2746
24000 2.27152
24100 2.28099
24200 2.26707
24300 2.26635
24400 2.30348
24500 2.32658
24600 2.3108
24700 2.29888
24800 2.28105
24900 2.29116
25000 2.28893
25100 2.29743
25200 2.29717
25300 2.29902
25400 2.30249
25500 2.30131
25600 2.31907
25700 2.32963
25800 2.30757
25900 2.30586
26000 2.30845
26100 2.33544
26200 2.32079
26300 2.30434
26400 2.2963
26500 2.32277
26600 2.30283
26700 2.25846
26800 2.27589
26900 2.30104
27000 2.29491
27100 2.27931
27200 2.26866
27300 2.26833
27400 2.26693
27500 2.27475
27600 2.27504
27700 2.27617
27800 2.29059
27900 2.30479
28000 2.29181
28100 2.26648
28200 2.26752
28300 2.25272
28400 2.24874
28500 2.27058
28600 2.27918
28700 2.30536
28800 2.30165
28900 2.2802
29000 2.28685
29100 2.28859
29200 2.281
29300 2.26238
29400 2.22611
29500 2.21556
29600 2.23288
29700 2.24938
29800 2.23465
29900 2.19749
30000 2.18764
30100 2.21939
30200 2.23698
30300 2.22388
30400 2.21328
30500 2.208
30600 2.21887
30700 2.23201
30800 2.23151
30900 2.27096
31000 2.25999
31100 2.24768
31200 2.24443
31300 2.22791
31400 2.25719
31500 2.25043
31600 2.23711
31700 2.26185
31800 2.28412
31900 2.30814
32000 2.30539
32100 2.29462
32200 2.29409
32300 2.27165
32400 2.29291
32500 2.27798
32600 2.2903
32700 2.28986
32800 2.30634
32900 2.30264
33000 2.28688
33100 2.29994
33200 2.29025
33300 2.27382
33400 2.30437
33500 2.30492
33600 2.27576
33700 2.27666
33800 2.31479
33900 2.30946
34000 2.30115
34100 2.2991
34200 2.30786
34300 2.27098
34400 2.27521
34500 2.31445
34600 2.3213
34700 2.35167
34800 2.3666
34900 2.36995
35000 2.36456
35100 2.3388
35200 2.3304
35300 2.31551
35400 2.34374
35500 2.36809
35600 2.36186
35700 2.36697
35800 2.39354
35900 2.37772
36000 2.35814
36100 2.34982
36200 2.37116
36300 2.33972
36400 2.32727
36500 2.32029
36600 2.30342
36700 2.30856
36800 2.33295
36900 2.3051
37000 2.32087
37100 2.31745
37200 2.31803
37300 2.31067
37400 2.3081
37500 2.32364
37600 2.32069
37700 2.34042
37800 2.32571
37900 2.31144
38000 2.30805
38100 2.32606
38200 2.316
38300 2.30226
38400 2.28955
38500 2.2833
38600 2.2961
38700 2.31924
38800 2.31507
38900 2.27203
39000 2.26302
39100 2.25973
39200 2.30883
39300 2.28994
39400 2.30174
39500 2.29532
39600 2.28268
39700 2.28789
39800 2.29328
39900 2.2724
40000 2.27873
40100 2.30556
40200 2.30534
40300 2.31161
40400 2.33685
40500 2.33755
40600 2.32707
40700 2.33173
40800 2.35996
40900 2.31402
41000 2.3185
41100 2.31966
41200 2.31312
41300 2.3209
41400 2.30691
41500 2.32913
41600 2.31715
41700 2.33361
41800 2.32653
41900 2.34686
42000 2.32265
42100 2.32435
42200 2.33252
42300 2.30088
42400 2.32569
42500 2.35323
42600 2.34217
42700 2.32153
42800 2.34056
42900 2.35656
43000 2.34495
43100 2.33625
43200 2.35286
43300 2.36197
43400 2.36113
43500 2.3438
43600 2.33682
43700 2.36533
43800 2.35417
43900 2.35649
44000 2.36197
44100 2.34825
44200 2.35568
44300 2.37138
44400 2.36689
44500 2.38894
44600 2.37643
44700 2.38326
44800 2.36931
44900 2.36498
45000 2.35377
45100 2.37125
45200 2.38914
45300 2.41852
45400 2.41668
45500 2.42665
45600 2.41567
45700 2.43439
45800 2.4238
45900 2.41111
46000 2.39993
46100 2.41498
46200 2.39327
46300 2.40516
46400 2.41332
46500 2.4132
46600 2.40852
46700 2.39196
46800 2.38702
46900 2.40554
47000 2.41088
47100 2.40576
47200 2.41134
47300 2.42364
47400 2.41757
47500 2.42379
47600 2.42602
47700 2.40556
47800 2.41144
47900 2.38956
48000 2.36025
48100 2.36582
48200 2.3891
48300 2.43038
48400 2.42839
48500 2.43262
48600 2.40732
48700 2.39044
48800 2.3924
48900 2.41787
49000 2.4284
49100 2.40918
49200 2.38589
49300 2.39117
49400 2.37298
49500 2.37406
49600 2.38484
49700 2.4009
49800 2.41414
49900 2.41849
50000 2.40888
50100 2.40346
50200 2.38779
50300 2.41959
50400 2.41699
50500 2.43357
50600 2.42048
50700 2.4492
50800 2.44641
50900 2.43601
51000 2.43015
51100 2.43475
51200 2.42426
51300 2.44704
51400 2.44618
51500 2.45914
51600 2.46093
51700 2.44947
51800 2.44596
51900 2.44635
52000 2.44938
52100 2.43976
52200 2.42772
52300 2.43899
52400 2.44968
52500 2.42447
52600 2.40333
52700 2.42815
52800 2.42123
52900 2.42975
53000 2.42541
53100 2.4179
53200 2.42602
53300 2.40855
53400 2.4308
53500 2.45315
53600 2.44712
53700 2.43703
53800 2.44786
53900 2.40768
54000 2.40323
54100 2.39656
54200 2.37746
54300 2.39014
54400 2.39635
54500 2.38542
54600 2.37356
54700 2.38255
54800 2.39772
54900 2.39346
55000 2.40076
55100 2.39206
55200 2.39808
55300 2.39909
55400 2.40126
55500 2.43236
55600 2.39644
55700 2.39351
55800 2.44254
55900 2.41303
56000 2.37208
56100 2.37081
56200 2.38436
56300 2.35962
56400 2.37953
56500 2.39039
56600 2.3845
56700 2.37895
56800 2.37412
56900 2.40475
57000 2.39148
57100 2.39574
57200 2.39268
57300 2.40538
57400 2.40311
57500 2.4088
57600 2.42363
57700 2.39863
57800 2.38904
57900 2.37906
58000 2.38516
58100 2.38003
58200 2.38596
58300 2.37446
58400 2.35764
58500 2.39009
58600 2.40418
58700 2.36844
58800 2.34136
58900 2.33661
59000 2.34785
59100 2.36414
59200 2.38146
59300 2.39333
59400 2.40243
59500 2.37023
59600 2.37137
59700 2.3739
59800 2.37405
59900 2.38903
60000 2.43379
60100 2.42495
60200 2.41121
60300 2.44104
60400 2.43845
60500 2.43912
60600 2.42492
60700 2.43437
60800 2.45583
60900 2.44648
61000 2.42471
61100 2.39702
61200 2.40461
61300 2.41913
61400 2.43316
61500 2.41951
61600 2.40631
61700 2.39835
61800 2.39624
61900 2.4107
62000 2.39083
62100 2.41397
62200 2.43191
62300 2.43953
62400 2.4353
62500 2.44174
62600 2.46042
62700 2.48008
62800 2.4688
62900 2.4484
63000 2.43708
63100 2.45463
63200 2.44538
63300 2.43569
63400 2.44778
63500 2.42417
63600 2.41345
63700 2.41854
63800 2.45362
63900 2.4549
64000 2.47209
64100 2.41709
64200 2.36718
64300 2.35811
64400 2.36128
64500 2.34864
64600 2.3229
64700 2.3481
64800 2.35363
64900 2.32379
65000 2.30256
65100 2.31373
65200 2.28584
65300 2.27993
65400 2.30827
65500 2.35897
65600 2.35228
65700 2.3432
65800 2.32271
65900 2.32407
66000 2.31905
66100 2.32891
66200 2.35851
66300 2.37139
66400 2.33953
66500 2.34786
66600 2.3645
66700 2.38594
66800 2.37096
66900 2.37557
67000 2.38149
67100 2.37943
67200 2.36987
67300 2.37991
67400 2.38916
67500 2.37703
67600 2.37606
67700 2.37537
67800 2.36101
67900 2.38642
68000 2.39629
68100 2.39778
68200 2.38302
68300 2.36866
68400 2.34664
68500 2.37129
68600 2.37109
68700 2.34636
68800 2.36938
68900 2.3636
69000 2.36678
69100 2.35753
69200 2.37696
69300 2.36725
69400 2.36223
69500 2.38008
69600 2.39096
69700 2.39622
69800 2.37915
69900 2.40383
70000 2.4057
70100 2.37807
70200 2.403
70300 2.39058
70400 2.40412
70500 2.40629
70600 2.40829
70700 2.41269
70800 2.42193
70900 2.41857
71000 2.42445
71100 2.43396
71200 2.40039
71300 2.41314
71400 2.40389
71500 2.39727
71600 2.40105
71700 2.39464
71800 2.38018
71900 2.40145
72000 2.39142
72100 2.40006
72200 2.38565
72300 2.39087
72400 2.40356
72500 2.36937
72600 2.35907
72700 2.40587
72800 2.42069
72900 2.41279
73000 2.39383
73100 2.40887
73200 2.40619
73300 2.40074
73400 2.37117
73500 2.40165
73600 2.39391
73700 2.39006
73800 2.39273
73900 2.39372
74000 2.3957
74100 2.38074
74200 2.38455
74300 2.39084
74400 2.40128
74500 2.4154
74600 2.40495
74700 2.41289
74800 2.39606
74900 2.40263
75000 2.40726
75100 2.4003
75200 2.41154
75300 2.39452
75400 2.37261
75500 2.38331
75600 2.40871
75700 2.3856
75800 2.37576
75900 2.39289
76000 2.3807
76100 2.39496
76200 2.38134
76300 2.40804
76400 2.4238
76500 2.4373
76600 2.42598
76700 2.4111
76800 2.40693
76900 2.41465
77000 2.38696
77100 2.39875
77200 2.41001
77300 2.40006
77400 2.39922
77500 2.39556
77600 2.40388
77700 2.38213
77800 2.38377
77900 2.40068
78000 2.41328
78100 2.38649
78200 2.40698
78300 2.41635
78400 2.42656
78500 2.40752
78600 2.38757
78700 2.39085
78800 2.41181
78900 2.38729
79000 2.40536
79100 2.41363
79200 2.39063
79300 2.37328
79400 2.37752
79500 2.39404
79600 2.42574
79700 2.41573
79800 2.40539
79900 2.3903
80000 2.35922
80100 2.3616
80200 2.3603
80300 2.39011
80400 2.41044
80500 2.39653
80600 2.39608
80700 2.3954
80800 2.39606
80900 2.40419
81000 2.39732
81100 2.41291
81200 2.40673
81300 2.39162
81400 2.40023
81500 2.41124
81600 2.41494
81700 2.4047
81800 2.42047
81900 2.41208
82000 2.41972
82100 2.40937
82200 2.39778
82300 2.39391
82400 2.40352
82500 2.38478
82600 2.39775
82700 2.4063
82800 2.39795
82900 2.40667
83000 2.41788
83100 2.42051
83200 2.42312
83300 2.39902
83400 2.41291
83500 2.3982
83600 2.3708
83700 2.3875
83800 2.40007
83900 2.39329
84000 2.34912
84100 2.36827
84200 2.37559
84300 2.36941
84400 2.36308
84500 2.37292
84600 2.38784
84700 2.38598
84800 2.37317
84900 2.35106
85000 2.35463
85100 2.35966
85200 2.36434
85300 2.37709
85400 2.40055
85500 2.37789
85600 2.37565
85700 2.36825
85800 2.38463
85900 2.41049
86000 2.36164
86100 2.38356
86200 2.39031
86300 2.37683
86400 2.39206
86500 2.38234
86600 2.36788
86700 2.38663
86800 2.38491
86900 2.40896
87000 2.38181
87100 2.35966
87200 2.3752
87300 2.37654
87400 2.39126
87500 2.37865
87600 2.38828
87700 2.42106
87800 2.42351
87900 2.41762
88000 2.41685
88100 2.42205
88200 2.41647
88300 2.4323
88400 2.43128
88500 2.42631
88600 2.43072
88700 2.40699
88800 2.42423
88900 2.41564
89000 2.40916
89100 2.41559
89200 2.44498
89300 2.4367
89400 2.45734
89500 2.45047
89600 2.44644
89700 2.42365
89800 2.40667
89900 2.42708
90000 2.43269
90100 2.44958
90200 2.41316
90300 2.39767
90400 2.41266
90500 2.41175
90600 2.41899
90700 2.41622
90800 2.40533
90900 2.37786
91000 2.38498
91100 2.38872
91200 2.39678
91300 2.37593
91400 2.40363
91500 2.39904
91600 2.39854
91700 2.41993
91800 2.413
91900 2.4299
92000 2.42742
92100 2.42367
92200 2.43793
92300 2.4186
92400 2.42381
92500 2.40332
92600 2.41028
92700 2.42946
92800 2.44055
92900 2.42903
93000 2.40157
93100 2.40451
93200 2.41868
93300 2.41138
93400 2.45127
93500 2.46631
93600 2.44506
93700 2.41639
93800 2.41381
93900 2.42958
94000 2.42537
94100 2.41521
94200 2.39572
94300 2.39673
94400 2.37358
94500 2.38602
94600 2.40683
94700 2.39845
94800 2.39401
94900 2.37966
95000 2.38405
95100 2.40284
95200 2.4224
95300 2.41503
95400 2.4435
95500 2.43104
95600 2.42701
95700 2.43088
95800 2.43032
95900 2.43896
96000 2.43186
96100 2.4376
96200 2.43325
96300 2.43509
96400 2.42876
96500 2.44285
96600 2.43071
96700 2.43409
96800 2.42897
96900 2.41471
97000 2.43147
97100 2.41948
97200 2.4238
97300 2.42458
97400 2.41381
97500 2.41707
97600 2.42565
97700 2.41331
97800 2.40408
97900 2.40294
98000 2.42209
98100 2.41725
98200 2.41188
98300 2.38751
98400 2.41997
98500 2.415
98600 2.39054
98700 2.39242
98800 2.38733
98900 2.4105
99000 2.42981
99100 2.42263
99200 2.39278
99300 2.39774
99400 2.39583
99500 2.40178
99600 2.40064
99700 2.40576
99800 2.40354
99900 2.38951
100000 2.42296
