# Time-averaged data for fix rg_out
# TimeStep c_rg
0 56.0023
100 56.0322
200 56.0571
300 56.0738
400 56.0864
500 56.0943
600 56.1039
700 56.1105
800 56.118
900 56.1236
1000 56.1274
1100 56.1311
1200 56.1323
1300 56.1337
1400 56.1321
1500 56.1297
1600 56.1254
1700 56.1192
1800 56.1114
1900 56.1016
2000 56.0908
2100 56.079
2200 56.0654
2300 56.0499
2400 56.0313
2500 56.0124
2600 55.9926
2700 55.9716
2800 55.948
2900 55.9215
3000 55.894
3100 55.8668
3200 55.8397
3300 55.8104
3400 55.7776
3500 55.7424
3600 55.7078
3700 55.6724
3800 55.6364
3900 55.597
4000 55.5549
4100 55.5132
4200 55.4715
4300 55.4279
4400 55.3811
4500 55.3325
4600 55.2855
4700 55.2378
4800 55.1864
4900 55.1313
5000 55.077
5100 55.023
5200 54.9679
5300 54.9103
5400 54.8508
5500 54.7899
5600 54.73
5700 54.6698
5800 54.6042
5900 54.5348
6000 54.4651
6100 54.3975
6200 54.3294
6300 54.2588
6400 54.1859
6500 54.112
6600 54.0375
6700 53.9626
6800 53.889
6900 53.8136
7000 53.7328
7100 53.648
7200 53.5658
7300 53.4845
7400 53.4012
7500 53.3173
7600 53.2349
7700 53.1549
7800 53.069
7900 52.9765
8000 52.8842
8100 52.7951
8200 52.7062
8300 52.6151
8400 52.5174
8500 52.4146
8600 52.3187
8700 52.2263
8800 52.1338
8900 52.0383
9000 51.938
9100 51.8366
9200 51.7416
9300 51.6468
9400 51.5455
9500 51.4419
9600 51.341
9700 51.2419
9800 51.143
9900 51.042
10000 50.9413
10100 50.8409
10200 50.7436
10300 50.6442
10400 50.5369
10500 50.4291
10600 50.3241
10700 50.2205
10800 50.1137
10900 50.0008
11000 49.8907
11100 49.7844
11200 49.6773
11300 49.5685
11400 49.4641
11500 49.3643
11600 49.2631
11700 49.1564
11800 49.044
11900 48.9341
12000 48.828
12100 48.7183
12200 48.6036
12300 48.4908
12400 48.3821
12500 48.2743
12600 48.1617
12700 48.0488
12800 47.939
12900 47.8286
13000 47.7138
13100 47.5973
13200 47.4857
13300 47.378
13400 47.2691
13500 47.1603
13600 47.0546
13700 46.9489
13800 46.8395
13900 46.7275
14000 46.6215
14100 46.5188
14200 46.4128
14300 46.3023
14400 46.195
14500 46.0894
14600 45.9869
14700 45.8872
14800 45.7871
14900 45.6841
15000 45.5839
15100 45.4874
15200 45.3928
15300 45.2973
15400 45.1995
15500 45.1065
15600 45.0191
15700 44.9339
15800 44.8505
15900 44.7654
16000 44.6748
16100 44.5837
16200 44.497
16300 44.4147
16400 44.3348
16500 44.2537
16600 44.1712
16700 44.0894
16800 44.0134
16900 43.9381
17000 43.8629
17100 43.7837
17200 43.7028
17300 43.6279
17400 43.5539
17500 43.4786
17600 43.4004
17700 43.3211
17800 43.2479
17900 43.1752
18000 43.1
18100 43.0254
18200 42.9552
18300 42.8855
18400 42.8155
18500 42.7439
18600 42.6742
18700 42.6081
18800 42.5408
18900 42.4696
19000 42.3973
19100 42.3293
19200 42.263
19300 42.1978
19400 42.1348
19500 42.073
19600 42.0132
19700 41.9509
19800 41.8852
19900 41.8182
20000 41.7508
20100 41.686
20200 41.6252
20300 41.5649
20400 41.5004
20500 41.4316
20600 41.3632
20700 41.2974
20800 41.2325
20900 41.1698
21000 41.1108
21100 41.0514
21200 40.9883
21300 40.9224
21400 40.8567
21500 40.7915
21600 40.7253
21700 40.661
21800 40.5988
21900 40.5352
22000 40.4671
22100 40.3999
22200 40.3361
22300 40.2732
22400 40.2085
22500 40.1441
22600 40.0789
22700 40.015
22800 39.9545
22900 39.8923
23000 39.825
23100 39.7558
23200 39.689
23300 39.6249
23400 39.5621
23500 39.498
23600 39.4357
23700 39.3756
23800 39.3153
23900 39.2523
24000 39.1859
24100 39.1186
24200 39.056
24300 38.9966
24400 38.9385
24500 38.8785
24600 38.8165
24700 38.7518
24800 38.6849
24900 38.6195
25000 38.5559
25100 38.4922
25200 38.428
25300 38.3586
25400 38.2858
25500 38.2156
25600 38.1463
25700 38.0775
25800 38.0091
25900 37.9373
26000 37.8615
26100 37.7798
26200 37.6964
26300 37.618
26400 37.5397
26500 37.4605
26600 37.3802
26700 37.2995
26800 37.215
26900 37.1251
27000 37.0368
27100 36.9516
27200 36.8639
27300 36.7746
27400 36.6808
27500 36.5817
27600 36.4871
27700 36.3957
27800 36.3025
27900 36.2028
28000 36.0987
28100 35.996
28200 35.8961
28300 35.7972
28400 35.6966
28500 35.5931
28600 35.4888
28700 35.3837
28800 35.2817
28900 35.1814
29000 35.0812
29100 34.9783
29200 34.8682
29300 34.757
29400 34.651
29500 34.548
29600 34.444
29700 34.3425
29800 34.2439
29900 34.1454
30000 34.0478
30100 33.9452
30200 33.8348
30300 33.7234
30400 33.6165
30500 33.5129
30600 33.4067
30700 33.2986
30800 33.1842
30900 33.0709
31000 32.9651
31100 32.8585
31200 32.7486
31300 32.6352
31400 32.5177
31500 32.3962
31600 32.2785
31700 32.1641
31800 32.05
31900 31.9366
32000 31.8279
32100 31.7175
32200 31.5992
32300 31.4745
32400 31.3504
32500 31.2291
32600 31.1092
32700 30.9921
32800 30.8696
32900 30.7387
33000 30.6081
33100 30.4805
33200 30.3576
33300 30.236
33400 30.1123
33500 29.9795
33600 29.8446
33700 29.7111
33800 29.5792
33900 29.4474
34000 29.3159
34100 29.1858
34200 29.0551
34300 28.9225
34400 28.7899
34500 28.6562
34600 28.5202
34700 28.3831
34800 28.2541
34900 28.1286
35000 27.9971
35100 27.8601
35200 27.7205
35300 27.5851
35400 27.458
35500 27.3338
35600 27.2049
35700 27.0705
35800 26.935
35900 26.8023
36000 26.6718
36100 26.5399
36200 26.4049
36300 26.2629
36400 26.118
36500 25.9847
36600 25.8543
36700 25.7238
36800 25.5919
36900 25.4524
37000 25.3161
37100 25.1893
37200 25.0639
37300 24.9312
37400 24.7932
37500 24.6542
37600 24.5221
37700 24.3913
37800 24.2587
37900 24.1262
38000 23.9984
38100 23.8755
38200 23.753
38300 23.6226
38400 23.4874
38500 23.3524
38600 23.2243
38700 23.1011
38800 22.9774
38900 22.8547
39000 22.7341
39100 22.6189
39200 22.5063
39300 22.3892
39400 22.2641
39500 22.1391
39600 22.02
39700 21.9043
39800 21.7893
39900 21.6799
40000 21.5738
40100 21.4671
40200 21.3581
40300 21.2493
40400 21.1453
40500 21.0454
40600 20.942
40700 20.83
40800 20.7235
40900 20.6229
41000 20.5224
41100 20.4196
41200 20.3156
41300 20.2191
41400 20.1224
41500 20.0246
41600 19.9253
41700 19.827
41800 19.7327
41900 19.6401
42000 19.538
42100 19.4316
42200 19.325
42300 19.2236
42400 19.1246
42500 19.0279
42600 18.933
42700 18.8352
42800 18.7276
42900 18.6202
43000 18.5142
43100 18.4101
43200 18.3128
43300 18.2175
43400 18.1217
43500 18.0212
43600 17.9204
43700 17.8234
43800 17.7301
43900 17.6352
44000 17.5348
44100 17.4311
44200 17.3262
44300 17.2288
44400 17.1347
44500 17.0366
44600 16.9323
44700 16.825
44800 16.7253
44900 16.6285
45000 16.5297
45100 16.429
45200 16.3209
45300 16.2147
45400 16.1084
45500 16.0054
45600 15.906
45700 15.8113
45800 15.715
45900 15.6101
46000 15.5078
46100 15.3981
46200 15.29
46300 15.1864
46400 15.0841
46500 14.9845
46600 14.888
46700 14.7897
46800 14.6888
46900 14.5859
47000 14.4853
47100 14.3866
47200 14.2858
47300 14.1851
47400 14.085
47500 13.988
47600 13.8916
47700 13.7909
47800 13.683
47900 13.5708
48000 13.464
48100 13.3645
48200 13.2658
48300 13.1638
48400 13.0656
48500 12.9643
48600 12.8614
48700 12.7537
48800 12.6423
48900 12.5365
49000 12.4342
49100 12.3281
49200 12.221
49300 12.1123
49400 12.0086
49500 11.9047
49600 11.8022
49700 11.6933
49800 11.5795
49900 11.4625
50000 11.3509
50100 11.2384
50200 11.1306
50300 11.0177
50400 10.8976
50500 10.7742
50600 10.6486
50700 10.5278
50800 10.4124
50900 10.2967
51000 10.1749
51100 10.0484
51200 9.92091
51300 9.79508
51400 9.67163
51500 9.55021
51600 9.43238
51700 9.30259
51800 9.17264
51900 9.04496
52000 8.92329
52100 8.80385
52200 8.68236
52300 8.554
52400 8.41819
52500 8.28725
52600 8.16357
52700 8.04208
52800 7.92665
52900 7.80863
53000 7.68639
53100 7.56048
53200 7.43548
53300 7.31603
53400 7.20331
53500 7.0873
53600 6.97582
53700 6.85441
53800 6.73493
53900 6.62111
54000 6.50926
54100 6.39468
54200 6.28558
54300 6.1784
54400 6.0659
54500 5.94892
54600 5.83784
54700 5.72786
54800 5.62278
54900 5.50922
55000 5.39789
55100 5.2985
55200 5.19962
55300 5.09756
55400 4.99618
55500 4.89703
55600 4.7895
55700 4.68506
55800 4.58538
55900 4.48
56000 4.37927
56100 4.26763
56200 4.16568
56300 4.05909
56400 3.96301
56500 3.8657
56600 3.76808
56700 3.67901
56800 3.59122
56900 3.49738
57000 3.40372
57100 3.31526
57200 3.22331
57300 3.12521
57400 3.05508
57500 2.98542
57600 2.91848
57700 2.85797
57800 2.8043
57900 2.76819
58000 2.74398
58100 2.731
58200 2.72753
58300 2.73218
58400 2.73517
58500 2.73324
58600 2.73526
58700 2.75166
58800 2.74941
58900 2.74319
59000 2.73735
59100 2.75409
59200 2.76645
59300 2.78169
59400 2.78485
59500 2.77693
59600 2.77772
59700 2.77304
59800 2.77158
59900 2.77703
60000 2.77136
60100 2.77531
60200 2.7836
60300 2.78309
60400 2.78334
60500 2.77138
60600 2.7634
60700 2.76268
60800 2.75272
60900 2.75856
61000 2.752
61100 2.76392
61200 2.77055
61300 2.77656
61400 2.76532
61500 2.76867
61600 2.75651
61700 2.76286
61800 2.76497
61900 2.75225
62000 2.75145
62100 2.76824
62200 2.77301
62300 2.78643
62400 2.7732
62500 2.75837
62600 2.76455
62700 2.76407
62800 2.75865
62900 2.75793
63000 2.76041
63100 2.74936
63200 2.76426
63300 2.76285
63400 2.77388
63500 2.7774
63600 2.76338
63700 2.76545
63800 2.77017
63900 2.76777
64000 2.75943
64100 2.75087
64200 2.75704
64300 2.76841
64400 2.77004
64500 2.77076
64600 2.77149
64700 2.76959
64800 2.76298
64900 2.77715
65000 2.77998
65100 2.78765
65200 2.78853
65300 2.80247
65400 2.80447
65500 2.79476
65600 2.79667
65700 2.77994
65800 2.75479
65900 2.76246
66000 2.76334
66100 2.75444
66200 2.75878
66300 2.76902
66400 2.78663
66500 2.78841
66600 2.78948
66700 2.77794
66800 2.77377
66900 2.77642
67000 2.77588
67100 2.76449
67200 2.77333
67300 2.77619
67400 2.76699
67500 2.76149
67600 2.76417
67700 2.78579
67800 2.80066
67900 2.7909
68000 2.77633
68100 2.76834
68200 2.78135
68300 2.77884
68400 2.77024
68500 2.76071
68600 2.76651
68700 2.76969
68800 2.7786
68900 2.78293
69000 2.77219
69100 2.76011
69200 2.76192
69300 2.75823
69400 2.75908
69500 2.7555
69600 2.75548
69700 2.75954
69800 2.76814
69900 2.7717
70000 2.76623
70100 2.7489
70200 2.75622
70300 2.75767
70400 2.74739
70500 2.76695
70600 2.78961
70700 2.78275
70800 2.77172
70900 2.75726
71000 2.76128
71100 2.76349
71200 2.76026
71300 2.76907
71400 2.78804
71500 2.78632
71600 2.77659
71700 2.76016
71800 2.74909
71900 2.75182
72000 2.75721
72100 2.76594
72200 2.76946
72300 2.77225
72400 2.75085
72500 2.75376
72600 2.75972
72700 2.7656
72800 2.75225
72900 2.75889
73000 2.77859
73100 2.76733
73200 2.7463
73300 2.72849
73400 2.74724
73500 2.75869
73600 2.76319
73700 2.7592
73800 2.74798
73900 2.74541
74000 2.75025
74100 2.76104
74200 2.7615
74300 2.76663
74400 2.77809
74500 2.77442
74600 2.7741
74700 2.77281
74800 2.77081
74900 2.75836
75000 2.75975
75100 2.76311
75200 2.7686
75300 2.7675
75400 2.77816
75500 2.78524
75600 2.7776
75700 2.77794
75800 2.7738
75900 2.76854
76000 2.77688
76100 2.77081
76200 2.76686
76300 2.78078
76400 2.78455
76500 2.7856
76600 2.79154
76700 2.76307
76800 2.75669
76900 2.77013
77000 2.78355
77100 2.77828
77200 2.77477
77300 2.77439
77400 2.77914
77500 2.77742
77600 2.77729
77700 2.77864
77800 2.78171
77900 2.77454
78000 2.76874
78100 2.77695
78200 2.77638
78300 2.78034
78400 2.78397
78500 2.7808
78600 2.7732
78700 2.76467
78800 2.76734
78900 2.76672
79000 2.78264
79100 2.79015
79200 2.7933
79300 2.78379
79400 2.78782
79500 2.784
79600 2.78351
79700 2.77686
79800 2.77839
79900 2.77742
80000 2.77708
80100 2.77087
80200 2.77951
80300 2.77206
80400 2.76977
80500 2.77923
80600 2.7815
80700 2.79784
80800 2.80288
80900 2.79309
81000 2.77992
81100 2.76402
81200 2.75772
81300 2.7639
81400 2.76924
81500 2.7828
81600 2.80208
81700 2.79797
81800 2.80327
81900 2.80759
82000 2.8061
82100 2.80417
82200 2.78214
82300 2.78634
82400 2.78826
82500 2.78272
82600 2.78557
82700 2.77954
82800 2.78155
82900 2.79629
83000 2.79901
83100 2.79607
83200 2.78504
83300 2.78381
83400 2.78779
83500 2.77604
83600 2.77076
83700 2.79193
83800 2.79799
83900 2.78278
84000 2.78114
84100 2.78689
84200 2.78427
84300 2.78274
84400 2.77365
84500 2.75427
84600 2.7672
84700 2.79433
84800 2.80364
84900 2.78271
85000 2.7858
85100 2.79794
85200 2.77611
85300 2.75686
85400 2.75972
85500 2.78282
85600 2.78524
85700 2.77258
85800 2.76521
85900 2.77537
86000 2.78703
86100 2.77062
86200 2.76237
86300 2.77053
86400 2.7783
86500 2.78872
86600 2.78768
86700 2.78242
86800 2.79055
86900 2.77644
87000 2.77807
87100 2.7828
87200 2.77512
87300 2.78089
87400 2.783
87500 2.77906
87600 2.78492
87700 2.78145
87800 2.78434
87900 2.77303
88000 2.7672
88100 2.76421
88200 2.7784
88300 2.78176
88400 2.77366
88500 2.78047
88600 2.77904
88700 2.77148
88800 2.77022
88900 2.76883
89000 2.77689
89100 2.77234
89200 2.78138
89300 2.7997
89400 2.80547
89500 2.79603
89600 2.78008
89700 2.77121
89800 2.76433
89900 2.76632
90000 2.77583
90100 2.79694
90200 2.79451
90300 2.79329
90400 2.78888
90500 2.78415
90600 2.77271
90700 2.77824
90800 2.77423
90900 2.76333
91000 2.75079
91100 2.74198
91200 2.74587
91300 2.73796
91400 2.72875
91500 2.72736
91600 2.73163
91700 2.72932
91800 2.72078
91900 2.71925
92000 2.72208
92100 2.73945
92200 2.74627
92300 2.73744
92400 2.73104
92500 2.73426
92600 2.72917
92700 2.7287
92800 2.73008
92900 2.73501
93000 2.73193
93100 2.74437
93200 2.74765
93300 2.75182
93400 2.7393
93500 2.72869
93600 2.72524
93700 2.71926
93800 2.71216
93900 2.71296
94000 2.73703
94100 2.75385
94200 2.74848
94300 2.75489
94400 2.74505
94500 2.73083
94600 2.73658
94700 2.73096
94800 2.71865
94900 2.72582
95000 2.74155
95100 2.72879
95200 2.71589
95300 2.72844
95400 2.71969
95500 2.7193
95600 2.72784
95700 2.72385
95800 2.71903
95900 2.72046
96000 2.71858
96100 2.72538
96200 2.71476
96300 2.71648
96400 2.72538
96500 2.73187
96600 2.73319
96700 2.74665
96800 2.73405
96900 2.73139
97000 2.71263
97100 2.71407
97200 2.71008
97300 2.70652
97400 2.72048
97500 2.7341
97600 2.74176
97700 2.73437
97800 2.7382
97900 2.71951
98000 2.72076
98100 2.70672
98200 2.69944
98300 2.72274
98400 2.72337
98500 2.74116
98600 2.7398
98700 2.73845
98800 2.73353
98900 2.71566
99000 2.71615
99100 2.72741
99200 2.73624
99300 2.72581
99400 2.73131
99500 2.72846
99600 2.72403
99700 2.71948
99800 2.71139
99900 2.7294
100000 2.72362
